4.019300309003722704e-01
4.105154477054939188e-01
4.202494695640097699e-01
4.310912790988228327e-01
4.231957769597759489e-01
4.219864150496264177e-01
4.439623865396512548e-01
4.675995626715629405e-01
4.928452692560608694e-01
5.196438753985206382e-01
4.062088967822229391e-01
4.384907651409276075e-01
2.666393071757557354e-01
2.978790516092438834e-01
5.911431760605500019e-01
6.296513131458671975e-01
3.930649204711865186e-01
1.041658852286843961e+00
1.084898925008174642e+00
1.129011378991910952e+00
1.241833755940330963e+00
1.288582044341056942e+00
1.245574923631229680e+00
8.789828165767120671e-01
8.286002613023655261e-01
7.780859840840445019e-01
7.275545714835452982e-01
6.771192687352222128e-01
6.268915953400081564e-01
5.769809809525469069e-01
5.274944150663199993e-01
4.785361049855290649e-01
4.302071382298197078e-01
3.826051476262095075e-01
3.358239796418781009e-01
6.685103706806377888e-01
1.088373514759260141e+00
1.053844282469057703e+00
1.020247878980500955e+00
9.876489636048121357e-01
9.561065031998162711e-01
9.256736653392437786e-01
8.963977711047852459e-01
8.683203015309768347e-01
6.823020452785145684e-01
8.532785874183734798e-01
5.191977200233288681e-01
4.983444551831577307e-01
3.251624435181540429e-01
3.067568941604514321e-01
2.893369109573437625e-01
2.728965298894520108e-01
2.574264971436724947e-01
2.429144842186918007e-01
1.703381371684684620e-01
1.616621074022553395e-01
1.535328051055552812e-01
1.013912653373193057e-01
9.148716301850801091e-02
8.230179183182312341e-02
5.377871204746278444e-01
3.482363731668225992e-01
8.386806259617730630e-01
8.398831222519769213e-01
8.416465745224521733e-01
8.439125789650927523e-01
8.466202966717811806e-01
8.497066538973890859e-01
8.531065766777918835e-01
5.397396711652431289e-01
4.615672600440046680e-01
3.533678770985603235e-01
3.549311136469828210e-01
2.201750063539074098e-01
2.202985547479014150e-01
2.202915535546983994e-01
2.201211139071487521e-01
2.197547393252520243e-01
3.360011598711867831e-01
3.399104930967215554e-01
3.434166201011984998e-01
3.465140058718358951e-01
3.492002422211782364e-01
3.514758011350542222e-01
3.533437148062650301e-01
6.700077196428712023e-01
7.941824937339710955e-01
7.972446985675820663e-01
5.715446685648432057e-01
5.763286497841774159e-01
3.515211434456863016e-01
2.286317945679731956e-01
2.326182696558454222e-01
2.370030512804965628e-01
1.441244846883282527e-01
1.500758586912918080e-01
1.568239964566833788e-01
1.643888417280544023e-01
1.727883931481456470e-01
1.820386910310343442e-01
4.438088345035060556e-01
4.549439229593360556e-01
4.668168579003339480e-01
4.794333791955756041e-01
3.370840293707828561e-01
3.499053309788037192e-01
3.634704949370352600e-01
5.455624692500005146e-01
5.616979671206078217e-01
5.784782327171885674e-01
5.891957006555715859e-01
5.739765476016018830e-01
5.512333949558458901e-01
7.494361298799844251e-01
5.867428907411654793e-01
7.651922168613821684e-01
6.176949438948761140e-01
5.866232392470506207e-01
8.993246515485902037e-01
8.738950971621614050e-01
8.477977040676564213e-01
8.210927068910942594e-01
7.938461337429653097e-01
7.661291747794308771e-01
8.267849391868326014e-01
7.953925159602240891e-01
7.637811635605179506e-01
5.842212609139131319e-01
3.525239430886726866e-01
3.061844354767446208e-01
2.602390321586262045e-01
2.147913486900650537e-01
1.699404916167724933e-01
1.257804070153328846e-01
8.239930108947615683e-02
3.987914214066783786e-02
-1.279949909243672135e+00
