3.856519355709319141e-01
5.193484719185850196e-01
5.132919288935915425e-01
5.083719737760472590e-01
4.015101352733405626e-01
3.943298737083889005e-01
9.242458497798340389e-01
9.295134063753562881e-01
9.197105293225971145e-01
9.082814543153246989e-01
8.953330408316827471e-01
8.370228623373233701e-01
5.225865055701239825e-01
5.289225406466576684e-01
5.364075763465195879e-01
5.449736603657004963e-01
5.545492825041412610e-01
5.650595790511638850e-01
8.835026073128143809e-01
8.955246722491598810e-01
9.082362014583381660e-01
9.215311733426020391e-01
9.352993566331415654e-01
9.494265813063756942e-01
9.637950504403161034e-01
9.782837009403517747e-01
9.927686203687176025e-01
1.165805476400367136e+00
1.149521620253940446e+00
1.133930081400098322e+00
1.119135375524219711e+00
1.105236842841274436e+00
1.092328564931403401e+00
7.983445870508631970e-01
8.431016420300169179e-01
8.517934301818923526e-01
8.592196607931597008e-01
8.652639861600659454e-01
5.250597495533382286e-01
5.219298735472501782e-01
5.171760995978030850e-01
7.952133589707033323e-01
7.906883773957882333e-01
7.842829697378005394e-01
7.759435090942087276e-01
7.656251498030959279e-01
7.532919941785223283e-01
7.389172040089313498e-01
9.748617325233337461e-01
1.224605402447046076e+00
1.241944929364434458e+00
8.172445394139581376e-01
7.927259913385128476e-01
7.661681843012368986e-01
7.376078458455960218e-01
7.365874176840990772e-01
5.600395524966114147e-01
5.255624505258241763e-01
1.088160418129551887e+00
1.054012545170385229e+00
1.039991324590270327e+00
1.001580783065048719e+00
9.616641332285872368e-01
9.203335812049799891e-01
8.776866055721148641e-01
8.338252655339860597e-01
1.016782659695049329e+00
6.213101508277594220e-01
3.781444654067572242e-01
3.545665587707495514e-01
3.315843276808462803e-01
3.092057756503880928e-01
2.874103813696371468e-01
2.661523551805227150e-01
2.453650374454093841e-01
2.249662049882404091e-01
2.048639888285438415e-01
4.567397359365639176e-01
6.458445423119824058e-01
6.162497482911563074e-01
5.871712190937633524e-01
9.183062208730493614e-01
8.828790335250765731e-01
8.482059855180177355e-01
8.143534004666339587e-01
7.813863403865660695e-01
9.482614462302786373e-01
1.066524446839375972e+00
1.096763290972702087e+00
1.125657213619430275e+00
1.153122973900961856e+00
1.172609398732058938e+00
1.196782653643509553e+00
1.219373586575037693e+00
1.240328943494106939e+00
1.259601443982580449e+00
1.261491744605068188e+00
1.038658125937162557e+00
1.051947290327682305e+00
1.064150835454374056e+00
8.775935875863947189e-01
8.856314017467687982e-01
8.922759664619956954e-01
8.975243394949893316e-01
9.013771409923002631e-01
9.038389316808891349e-01
9.049186351529350247e-01
9.046299875255197076e-01
1.163249752875346932e+00
9.915936480814584453e-01
9.872990312256060275e-01
9.817186638997322801e-01
9.748972676282467997e-01
1.290781920771126190e+00
7.794312112299981443e-01
7.865982827595340288e-01
7.947810304178023477e-01
8.038936514672067046e-01
8.254513756916223022e-01
1.062460730450395241e+00
1.043945801666367856e+00
9.346037439899834709e-01
9.448718080450843049e-01
9.553741154503097022e-01
9.660054710607783868e-01
5.797905414074497887e-01
5.856153217665627242e-01
5.912370978540130162e-01
5.965645195019573244e-01
6.015072351429260333e-01
6.059764000753140589e-01
6.098851556919525629e-01
5.542436675907512766e-01
5.551263744104643072e-01
3.938523210174961764e-01
2.711941897770541732e-01
2.465450897888912252e-01
2.458491871686695751e-01
2.438636766241193410e-01
2.405098845397689866e-01
2.357147134148549483e-01
2.777335101251466321e-01
2.704518245871022075e-01
2.615168645128423397e-01
7.777847115126184097e-01
7.592878142742088832e-01
7.498928356006714369e-01
7.393493226890466286e-01
7.275537971850347674e-01
7.266129673188415072e-01
7.152051887396305707e-01
1.060976066533094953e+00
1.077960248672938715e+00
1.096402268875841024e+00
1.116288919233109134e+00
1.137600313054193846e+00
1.160309822152144843e+00
1.184384036781787275e+00
1.209782755274832589e+00
1.221924059486945158e+00
1.195717466567149279e+00
1.168255479138063269e+00
7.671080134613299517e-01
7.404894601068460203e-01
7.129096136029801078e-01
4.476484773027785691e-01
6.910071654071676672e-01
4.147067447265444518e-01
4.568767058792320146e-01
4.320470035266080755e-01
2.709872416519083504e-01
2.918098234990246787e-01
3.163170222133658838e-01
3.410145974368365973e-01
3.658300747819751009e-01
3.906910887448677427e-01
8.197299541123372890e-01
8.489988061234888805e-01
1.280822010382556275e+00
7.710981069090442341e-01
8.073065605383629162e-01
7.510352442683124741e-01
7.833490019567116436e-01
8.150348390824095901e-01
4.892295615784191254e-01
7.517388575077076363e-01
7.826393643958686752e-01
8.035212533374093136e-01
5.208876049022737043e-01
3.523219483448511435e-01
3.671778873944909760e-01
3.813944338898134778e-01
3.949617223798481680e-01
4.078718729118445130e-01
4.201185594971388881e-01
4.316965936612018329e-01
4.426015395978976641e-01
2.789962758047543900e-01
2.864410089110921986e-01
2.933529550065169245e-01
2.997309044717138549e-01
3.055726805935466417e-01
3.108751869344865137e-01
3.156345474952984564e-01
3.198463356214158448e-01
3.235058843550256413e-01
2.547314830620073245e-01
2.599855367273185003e-01
2.652141668498855798e-01
2.675399568447655030e-01
4.037063707404003332e-01
4.029421255675441071e-01
2.484485475262355747e-01
2.477245875286735732e-01
5.092501585079627358e-01
3.963505669426674594e-01
4.011903735603352117e-01
4.061321002025224391e-01
3.015852474371750191e-01
3.062341113968189421e-01
3.105650125500603043e-01
3.145698740584412234e-01
3.182464336354010603e-01
3.215982461351413746e-01
3.246345808492814289e-01
3.273702225676714539e-01
7.690267389232555706e-01
5.009675446495948092e-01
5.033494897304020554e-01
5.054222366769915986e-01
5.591831497773259718e-01
5.609982085539896302e-01
5.623079101228027898e-01
5.630611167121262195e-01
5.632095249059360098e-01
5.627077233189750061e-01
5.615131923760385835e-01
5.595862510704029402e-01
3.455425839715218772e-01
3.411435971200574291e-01
3.360045774697915655e-01
3.300982177310018417e-01
3.233990651259001092e-01
3.158834151886824038e-01
3.075292373224099984e-01
3.610336950994960104e-01
8.501861032291434528e-01
8.417205442235331514e-01
8.322686654544657614e-01
8.218163319176770010e-01
4.953346624096144901e-01
4.763110232925316101e-01
2.972169571234574703e-01
2.748048563790599919e-01
2.061429942025091167e-01
1.778446786813950853e-01
3.701248659579305378e-01
3.415433760804613139e-01
3.115882854236788901e-01
2.803045749798083741e-01
2.477444921206085338e-01
2.139676238126799190e-01
1.790408936195864442e-01
1.430384740459233472e-01
1.060416075296092553e-01
6.813833124514150075e-02
2.942310277590124909e-02
-1.250211305855490451e+00
