-9.000000000000000000e+02
-5.651423949176048154e+03
-6.293039435815418983e+03
-6.928852084376649145e+03
-7.383368827374379180e+03
-7.615281336170935901e+03
-7.637750882674700733e+03
-7.490598830735449155e+03
-7.222727367823084023e+03
-6.882665875771183892e+03
-6.514845158350301972e+03
-6.159961222992061266e+03
-5.846906710346484033e+03
-5.598464400371895863e+03
-5.433053900932393844e+03
-5.363057995598115667e+03
-5.387778734247075590e+03
-5.537008077954281362e+03
-5.786425245601421921e+03
-6.138129045646583108e+03
-6.594799812879021374e+03
-7.153366733306069364e+03
-7.805354290884325565e+03
-8.557205543984631731e+03
-9.395359681354086206e+03
-1.032180034844190777e+04
-1.132815432385256281e+04
-1.241004774283280130e+04
-1.355486807808920639e+04
-1.475077114816035282e+04
-1.597433973489166056e+04
-1.723007010088673633e+04
-1.850260884496531071e+04
-1.977387288732537490e+04
-2.103151197901371779e+04
-2.225639500750894149e+04
-2.342241255348444611e+04
-2.453434607852131012e+04
-2.556651033324613309e+04
-2.648531175044353222e+04
-2.728841929492432973e+04
-2.795637601244432517e+04
-2.851495312192034908e+04
-2.894853757444487201e+04
-2.922671962340803657e+04
-2.933461341494406224e+04
-2.927236013053069473e+04
-2.903483667679972132e+04
-2.860562315713104908e+04
-2.794467103208687695e+04
-2.704001068111805944e+04
-2.588533008960114239e+04
-2.447100817019638271e+04
-2.281451843196445407e+04
-2.096708514800254488e+04
-1.896402344798800914e+04
-1.686837554017332513e+04
-1.473224356711158180e+04
-1.262197856114034767e+04
-1.063146339443564284e+04
-8.872869777758651253e+03
-7.465680805090747526e+03
-6.466613121538040104e+03
-5.969073976334256258e+03
-6.038554927321202740e+03
-6.691657305673629708e+03
-7.933365717844802020e+03
-9.638666472089447780e+03
-1.167427331706700534e+04
-1.388892766946680058e+04
-1.605049402071767872e+04
-1.795609117270258503e+04
-1.939743946443865207e+04
-2.023513362661334759e+04
-2.041058329996937027e+04
-1.992730246012053249e+04
-1.887867845782291624e+04
-1.737754210751182472e+04
-1.561276122424855748e+04
-1.378353092500718776e+04
-1.207740556259905497e+04
-1.067202822260302128e+04
-9.681299434867829405e+03
-9.168952467857861848e+03
-9.170895157776927590e+03
-9.669476092984941715e+03
-1.060406474207734027e+04
-1.189513445410347049e+04
-1.345294446745925234e+04
-1.517550417085213667e+04
-1.699047349956407925e+04
-1.882518126578456940e+04
-2.062552492026028631e+04
-2.235090614371581978e+04
-2.395739129934710218e+04
-2.541010980189514885e+04
-2.668307740215157173e+04
-2.775796519941437873e+04
-2.862159370584195858e+04
-2.926662315025305361e+04
-2.969325982157927137e+04
-2.990334408788723886e+04
-2.990030317281597672e+04
-2.968838389253455534e+04
-2.927255562971983454e+04
-2.865930387810894172e+04
-2.785379605940373585e+04
-2.686411062517174287e+04
-2.570497780438816335e+04
-2.439557531239300079e+04
-2.295905786257458749e+04
-2.142554229898158155e+04
-1.983133281123989946e+04
-1.821755389844897581e+04
-1.662741061788138177e+04
-1.512018931329682528e+04
-1.374211430303322413e+04
-1.252104829239053106e+04
-1.147401605973889127e+04
-1.062308289894155314e+04
-9.965827957386707567e+03
-9.501750448740849606e+03
-9.220803929350802719e+03
-9.107279385279252892e+03
-9.145199837821150140e+03
-9.306071635246764345e+03
-9.565986056582672973e+03
-9.906292677828980231e+03
-1.030782138249965828e+04
-1.075707884153664236e+04
-1.124007611987468590e+04
-1.174480302474688142e+04
-1.226329209266486941e+04
-1.278042221766616058e+04
-1.328961830319438559e+04
-1.378872109810374423e+04
-1.427525058864105449e+04
-1.474900809692291477e+04
-1.520293560167353644e+04
-1.562917907441856187e+04
-1.603116006065119655e+04
-1.640988871681250748e+04
-1.676615408532747824e+04
-1.710080946226048763e+04
-1.741477437726778226e+04
-1.770867848242307446e+04
-1.798303426096757175e+04
-1.823820766257576179e+04
