1.005497919031654419e+00
1.011140899111998781e+00
9.976750081063879838e-01
9.896214222835507668e-01
1.167528623908709040e+00
9.671525625340670063e-01
9.643695228525861474e-01
9.631935305812983072e-01
9.635934244919878155e-01
9.655327069663102169e-01
9.689695721398108308e-01
9.738569361029217886e-01
9.898440218649482425e-01
9.952371093606601216e-01
1.001832569902789238e+00
6.119137999082771007e-01
1.211762084169625719e+00
1.220379919844656325e+00
1.229735559039166537e+00
1.239729150880783726e+00
1.318902162201334161e+00
1.307453532325359769e+00
8.336297621170396521e-01
5.066520813211788932e-01
4.872847536762878184e-01
4.680356709834713191e-01
4.490258028128004675e-01
4.303743690801137833e-01
4.121983273220375388e-01
1.143500644947571754e+00
1.132706578299544686e+00
9.182536819591949895e-01
9.071812054168848505e-01
8.970648459674519515e-01
8.879963218616069298e-01
8.800624396248767356e-01
1.011550942298636624e+00
1.010325663929206641e+00
1.007978308997025563e+00
1.004457159417490919e+00
9.997144906748224313e-01
9.937063536712927858e-01
8.552790652361598189e-01
1.060610692655795217e+00
1.067867547591013100e+00
1.076654129538040960e+00
1.087004134626701646e+00
1.098946147760132330e+00
1.112503555389131815e+00
1.127694442435431377e+00
1.144531473505878028e+00
1.163021760103544855e+00
1.183166717030619708e+00
1.204961912517454881e+00
8.485490682291794151e-01
8.202171150419739210e-01
1.278792495742673507e+00
1.230179936365601634e+00
1.260107420337408302e+00
7.680101346299745835e-01
4.707249326761570041e-01
9.067367266235113465e-01
9.406529171336704964e-01
9.416521408250433378e-01
9.774504979097138335e-01
1.014449700410648747e+00
1.052577513586666624e+00
1.091759398027412065e+00
1.131918654183275086e+00
6.926318578765424672e-01
4.247243226974722341e-01
7.194242816426493770e-01
7.601215931763569689e-01
5.003777934134104877e-01
5.402988004436437564e-01
3.514391115955017297e-01
3.887022433764690810e-01
1.213811293116460188e+00
1.145216332713058449e+00
8.442040201203449001e-01
8.826212169879096292e-01
9.205483451076376111e-01
9.578794594658414097e-01
9.945115046249015656e-01
6.391731778231862782e-01
6.720548704569409004e-01
7.039211371648055326e-01
7.346835358698887708e-01
7.642583523384892663e-01
7.925668900186592092e-01
1.258571152334077681e+00
1.284444652121657038e+00
9.115330341245134749e-01
9.326907424568350313e-01
5.703590596117061873e-01
5.846873711578514099e-01
5.980660490139662055e-01
6.104845621760039975e-01
6.219337617878125668e-01
8.086829464938569689e-01
1.067551889718771907e+00
6.419221555408493041e-01
9.467899362091243276e-01
9.519022483976846694e-01
9.552684968870083226e-01
9.569156086375741888e-01
9.568783930875014443e-01
9.551995526349317256e-01
1.305284322087869597e+00
1.305580639714637448e+00
1.206960823129717975e+00
1.200502413949002589e+00
1.192716475149828259e+00
1.183690397352222368e+00
9.077041438441625365e-01
1.081462916190393919e+00
1.089425192033798284e+00
1.098281793912071258e+00
6.623017725693438607e-01
6.715239070053832249e-01
1.049772151588194813e+00
7.613732721180280771e-01
5.720290201338336100e-01
5.536026826752586949e-01
5.357087980037149588e-01
5.184073386172685094e-01
3.117057274919571852e-01
3.237124605415633294e-01
3.359335256065241193e-01
3.482803438399780238e-01
3.606511085071295031e-01
3.729312675996572790e-01
3.849945906366455395e-01
3.967047781925790439e-01
4.079175452045504247e-01
2.500831632144792649e-01
2.478832312698324436e-01
1.508500637224024499e-01
1.457555458290845096e-01
1.412779185262248993e-01
1.374470361259743645e-01
9.083505926073479064e-02
8.954784230072591888e-02
8.868781557783977920e-02
5.025308820159215539e-01
5.049577008075285534e-01
5.086029781445807751e-01
5.134584665639873036e-01
5.195102179949628862e-01
5.267386695364698612e-01
3.732125504489854917e-01
3.782800299028524216e-01
3.837535851512480778e-01
3.895854587681198411e-01
3.957287700801671027e-01
3.055670144013309386e-01
3.094520168979656982e-01
3.133010638128106984e-01
3.170953196866862500e-01
2.970232565888595855e-01
2.752702954868607721e-01
2.535313240196901408e-01
2.320162482516727742e-01
2.109120745594600110e-01
1.903755480479890905e-01
4.191088550962767667e-01
3.928666054601022140e-01
3.558378623010653441e-01
8.991641611787170030e-01
8.537996909708999160e-01
8.081634266032584613e-01
5.200825815003957686e-01
5.525491762238282645e-01
5.062259763063546858e-01
4.599325963750039992e-01
4.137502232001719626e-01
3.677548670527651109e-01
3.220185002916210459e-01
2.766103014362010781e-01
2.315979218446108656e-01
1.870486934772780385e-01
1.430307034136235056e-01
9.961367295775715169e-02
5.686959502978328890e-02
1.487310152837582021e-02
-1.016601640243196991e+00
