4.019300309003722704e-01
4.105154477054939188e-01
4.202494695640097699e-01
4.310912790988228327e-01
4.231957769597759489e-01
4.219864150496264177e-01
4.439623865396512548e-01
4.675995626715629405e-01
4.928452692560608694e-01
5.196438753985206382e-01
4.062088967822229391e-01
4.384907651409276075e-01
2.666393071757557354e-01
2.978790516092438834e-01
5.911431760605500019e-01
6.296513131458671975e-01
3.930649204711865186e-01
1.041658852286843961e+00
1.084898925008174642e+00
1.129011378991910952e+00
1.241833755940330963e+00
1.288582044341056942e+00
1.245574923631229680e+00
8.789828165767120671e-01
8.286002613023655261e-01
7.780859840840445019e-01
7.275545714835452982e-01
6.771192687352222128e-01
6.268915953400081564e-01
5.769809809525469069e-01
5.274944150663199993e-01
4.785361049855290649e-01
4.302071382298197078e-01
3.826051476262095075e-01
3.358239796418781009e-01
6.685103706806377888e-01
1.088373514759260141e+00
1.053844282469057703e+00
1.020247878980500955e+00
9.876489636048121357e-01
9.561065031998162711e-01
9.256736653392437786e-01
8.963977711047852459e-01
8.683203015309768347e-01
6.823020452785145684e-01
8.532785874183734798e-01
5.191977200233288681e-01
4.983444551831577307e-01
3.251624435181540429e-01
3.067568941604514321e-01
2.893369109573437625e-01
2.728965298894520108e-01
2.574264971436724947e-01
2.429144842186918007e-01
1.703381371684684620e-01
1.616621074022553395e-01
1.535328051055552812e-01
1.013912653373193057e-01
9.148716301850801091e-02
8.230179183182312341e-02
5.377871204746278444e-01
3.482363731668225992e-01
8.386806259617730630e-01
8.398831222519769213e-01
8.416465745224521733e-01
8.439125789650927523e-01
8.466202966717811806e-01
8.497066538973890859e-01
8.531065766777918835e-01
5.397396711652431289e-01
4.615672600440046680e-01
3.533678770985603235e-01
3.549311136469828210e-01
2.201750063539074098e-01
2.202985547479014150e-01
2.202915535546983994e-01
2.201211139071487521e-01
2.197547393252520243e-01
3.360011598711867831e-01
3.399104930967215554e-01
3.434166201011984998e-01
3.465140058718358951e-01
3.492002422211782364e-01
3.514758011350542222e-01
3.533437148062650301e-01
6.700077196428712023e-01
7.941824937339710955e-01
7.972446985675820663e-01
5.715446685648432057e-01
5.763286497841774159e-01
3.515211434456863016e-01
2.286317945679731956e-01
2.326182696558454222e-01
2.370030512804965628e-01
1.441244846883282527e-01
1.500758586912918080e-01
1.568239964566833788e-01
1.643888417280544023e-01
1.727883931481456470e-01
1.820386910310343442e-01
4.438088345035060556e-01
4.549439229593360556e-01
4.668168579003339480e-01
4.794333791955756041e-01
3.370840293707828561e-01
3.499053309788037192e-01
3.634704949370352600e-01
5.455624692500005146e-01
5.616979671206078217e-01
5.784782327171885674e-01
5.891957006555715859e-01
5.739765476016018830e-01
5.512333949558458901e-01
7.494361298799844251e-01
5.867428907411654793e-01
7.651922168613821684e-01
6.176949438948761140e-01
5.866232392470506207e-01
8.993246515485902037e-01
8.738950971621614050e-01
8.477977040676564213e-01
8.210927068910942594e-01
7.938461337429653097e-01
7.661291747794308771e-01
8.267849391868326014e-01
7.953925159602240891e-01
7.637811635605179506e-01
5.842212609139131319e-01
3.525239430886726866e-01
3.061844354767446208e-01
2.602390321586262045e-01
2.147913486900650537e-01
1.699404916167724933e-01
1.257804070153328846e-01
8.239930108947615683e-02
3.987914214066783786e-02
-1.279949909243672135e+00
3.856519355709319141e-01
3.779638461293792218e-01
3.714663467357480209e-01
7.890968825051366542e-01
7.862277052655129994e-01
7.815627462937285719e-01
7.751750626815971934e-01
7.671498829736806968e-01
7.575835180360973586e-01
7.465820572629232599e-01
7.342598724251235831e-01
7.207379616769465924e-01
4.918053336367758654e-01
3.039589114321610275e-01
2.851037553174329275e-01
7.592614951871973217e-01
7.437388507911294466e-01
7.273005170307798029e-01
7.100527172684996113e-01
6.921065999473956509e-01
6.735775329823777691e-01
6.545843580250269023e-01
1.139875684508369735e+00
1.122056786775525117e+00
1.202989254782950601e+00
1.163420605886438253e+00
1.145616652981171102e+00
1.128246061650405752e+00
1.111426629254399945e+00
1.095271685200066569e+00
1.079889809244390930e+00
1.065384615072279662e+00
1.051854587189360091e+00
7.473461692693940117e-01
7.512486463224751221e-01
7.540554388253645213e-01
4.579234272965507779e-01
4.585018544277712493e-01
4.576442732223205412e-01
4.552677541769847847e-01
4.512956109295164220e-01
4.456576774752223358e-01
4.382905420747693070e-01
2.646862800522716830e-01
2.510226854476226288e-01
2.356656634077634316e-01
2.185839594769405370e-01
2.964247649876332602e-01
6.322260080745824018e-01
7.424982098767914929e-01
7.272996587986907402e-01
7.111032782557750176e-01
6.938811371385908977e-01
6.756058668858814231e-01
6.562514024060076556e-01
6.357937973013145783e-01
6.142120904820195237e-01
5.914891991066756338e-01
5.676128114825811366e-01
8.945562564044808873e-01
8.676695824326625672e-01
8.395446770525418767e-01
8.101983106093242348e-01
7.796551718423456734e-01
9.482651603857031875e-01
9.216323943903755866e-01
8.939686581548724753e-01
8.653102879297291938e-01
8.357025797517011467e-01
8.051996240467378385e-01
7.738639764248237407e-01
7.417661745115430305e-01
7.089841142890698222e-01
4.633557607715679261e-01
4.420700123092293765e-01
7.157447665493942290e-01
7.403019051894087488e-01
8.230129361112854536e-01
8.541238432499748123e-01
8.367183469104637616e-01
8.079366373061884765e-01
7.791344379288137612e-01
1.207506834909661153e+00
1.198332708410994041e+00
1.167709947966806050e+00
1.137588151541802484e+00
1.108056504457045399e+00
1.079200042153799721e+00
1.007970524555543701e+00
6.281649584088028204e-01
5.956925573301388166e-01
4.384767106097017808e-01
4.091278709982489326e-01
3.809701554588271200e-01
3.540477383082086815e-01
9.139644437282495870e-01
5.572310301343047501e-01
5.342438435132909058e-01
5.127561448088041596e-01
4.927816436142996026e-01
4.743278763389946473e-01
4.573962873465925449e-01
4.419823046557016522e-01
4.280754076807730124e-01
4.156591858655225291e-01
4.047113884871845202e-01
3.952039673190634317e-01
3.871031151592853603e-01
3.803693043977611765e-01
3.749573307416071977e-01
3.708163679038716243e-01
3.678900394481455782e-01
3.661165140554045183e-01
5.600997872716836357e-01
5.615109063132895928e-01
5.638560463548065727e-01
5.670532782596849897e-01
5.710161852058981413e-01
5.756542015661033629e-01
5.808729990815256761e-01
5.865749186176087981e-01
3.731500788678503988e-01
3.794883643177704435e-01
3.860261024707496991e-01
1.150388328537294003e+00
7.971308689973408690e-01
7.870014828952275332e-01
7.770209159681844557e-01
5.291420764662190246e-01
4.120411383735679833e-01
4.030275404543705031e-01
3.944980769626597050e-01
3.865349265444158466e-01
3.792169893711456741e-01
3.726195192917801102e-01
9.684213687159406447e-01
9.647149711382209114e-01
9.621136574433761801e-01
9.606885857859067679e-01
9.605062785604954190e-01
9.616285418307845001e-01
9.641124108898830869e-01
1.193836117416801290e+00
1.200586674419267030e+00
1.208818087075131276e+00
1.218570221906758899e+00
7.319569805358987491e-01
4.532108157631858925e-01
4.354623713963298726e-01
4.163023670171816515e-01
3.957145226755074408e-01
5.288039647750152339e-01
5.059533540392292528e-01
4.816260027853724868e-01
4.558211597554740480e-01
5.544270899311942724e-01
5.235378275616553445e-01
4.910052846902074886e-01
4.568661340906191026e-01
4.211641500491000722e-01
3.839503163698478883e-01
3.452828706743484299e-01
3.052272787661272080e-01
1.070459037661377621e+00
1.039716667396201055e+00
1.007868219832687817e+00
9.749667849259301411e-01
7.742902500426593893e-01
8.054260757671882764e-01
5.070763623368939044e-01
5.398983077092982530e-01
6.649565590282611183e-01
6.956540258184786829e-01
7.266464808136658959e-01
7.578468532895941134e-01
7.891674463129392247e-01
8.205206743347482901e-01
8.518198009896069678e-01
8.829796618395197028e-01
9.139173569244090078e-01
9.445528985056285132e-01
9.748098003194515249e-01
1.142906334438175131e+00
1.111501870426937488e+00
1.031827936999017981e+00
1.064837050095022830e+00
6.398589747071316003e-01
6.690887263627489645e-01
6.972485023832791784e-01
4.459922526292140477e-01
4.704998006519147125e-01
4.937164210760828786e-01
5.155889911608828591e-01
1.162306557586609168e+00
9.210836407141175242e-01
9.409711016606325806e-01
9.591073822590725495e-01
7.525468667825619962e-01
6.429106723110017407e-01
4.009901736872736322e-01
4.093525535512538838e-01
4.161131581788942713e-01
2.604173528806634219e-01
2.624691333529758364e-01
2.628315204692624474e-01
2.615315828547687960e-01
2.586037450652955427e-01
5.756462701159368311e-01
7.463621520886037919e-01
7.415004171588706061e-01
7.352046227472184281e-01
7.275503782690592169e-01
7.186198721506338316e-01
7.085014399378261052e-01
6.972890810962358854e-01
6.850819308828055565e-01
6.719836947949069383e-01
4.782257725790111103e-01
4.615522301083352374e-01
4.443809085367728673e-01
4.268236008180505414e-01
4.089925031261886779e-01
3.909999229530891629e-01
3.729580163004416193e-01
3.549785376033770534e-01
3.371725860136660646e-01
3.196503332729294100e-01
3.025207214325246197e-01
1.965248003768995388e-01
7.668313195625218182e-01
7.555793850342491513e-01
7.451339012658765304e-01
7.355847772068322410e-01
7.270176770198756300e-01
7.195137982565450452e-01
7.131496741769901559e-01
7.079970021496954091e-01
7.041224995059832681e-01
4.725209582495885074e-01
4.703014878131450138e-01
3.211317000590444559e-01
1.033557863159309864e+00
1.039540864489874927e+00
1.047045720407188796e+00
1.056103764071109730e+00
1.066741403361303409e+00
1.078980096682401024e+00
1.092836329461763567e+00
1.108321592652544707e+00
1.125446768374882556e+00
8.380968118073731654e-01
5.434050385760688107e-01
3.689753267121708702e-01
8.172663758842318993e-01
7.865457077084697657e-01
7.538726671672580926e-01
7.192999411078399019e-01
6.828882017543980165e-01
6.447057579494823720e-01
6.048280751185409754e-01
5.633371585564445061e-01
5.203208028552145370e-01
7.742599479191540901e-01
7.295375518789781744e-01
5.746414825574992502e-01
5.285880417168686840e-01
3.363675497190519170e-01
2.863135503695994899e-01
2.354366209244400376e-01
1.838392002974430506e-01
1.316215171514683313e-01
7.888123322875162380e-02
2.571333163042256384e-02
3.432079711162546176e-01
2.907943333405406672e-01
2.383388670206586513e-01
1.859455447236984804e-01
1.337156747142534408e-01
8.174823804505983171e-02
3.014028921568534178e-02
-1.175850693031724514e+00
1.005497919031654419e+00
1.011140899111998781e+00
9.976750081063879838e-01
9.896214222835507668e-01
1.167528623908709040e+00
9.671525625340670063e-01
9.643695228525861474e-01
9.631935305812983072e-01
9.635934244919878155e-01
9.655327069663102169e-01
9.689695721398108308e-01
9.738569361029217886e-01
9.898440218649482425e-01
9.952371093606601216e-01
1.001832569902789238e+00
6.119137999082771007e-01
1.211762084169625719e+00
1.220379919844656325e+00
1.229735559039166537e+00
1.239729150880783726e+00
1.318902162201334161e+00
1.307453532325359769e+00
8.336297621170396521e-01
5.066520813211788932e-01
4.872847536762878184e-01
4.680356709834713191e-01
4.490258028128004675e-01
4.303743690801137833e-01
4.121983273220375388e-01
1.143500644947571754e+00
1.132706578299544686e+00
9.182536819591949895e-01
9.071812054168848505e-01
8.970648459674519515e-01
8.879963218616069298e-01
8.800624396248767356e-01
1.011550942298636624e+00
1.010325663929206641e+00
1.007978308997025563e+00
1.004457159417490919e+00
9.997144906748224313e-01
9.937063536712927858e-01
8.552790652361598189e-01
1.060610692655795217e+00
1.067867547591013100e+00
1.076654129538040960e+00
1.087004134626701646e+00
1.098946147760132330e+00
1.112503555389131815e+00
1.127694442435431377e+00
1.144531473505878028e+00
1.163021760103544855e+00
1.183166717030619708e+00
1.204961912517454881e+00
8.485490682291794151e-01
8.202171150419739210e-01
1.278792495742673507e+00
1.230179936365601634e+00
1.260107420337408302e+00
7.680101346299745835e-01
4.707249326761570041e-01
9.067367266235113465e-01
9.406529171336704964e-01
9.416521408250433378e-01
9.774504979097138335e-01
1.014449700410648747e+00
1.052577513586666624e+00
1.091759398027412065e+00
1.131918654183275086e+00
6.926318578765424672e-01
4.247243226974722341e-01
7.194242816426493770e-01
7.601215931763569689e-01
5.003777934134104877e-01
5.402988004436437564e-01
3.514391115955017297e-01
3.887022433764690810e-01
1.213811293116460188e+00
1.145216332713058449e+00
8.442040201203449001e-01
8.826212169879096292e-01
9.205483451076376111e-01
9.578794594658414097e-01
9.945115046249015656e-01
6.391731778231862782e-01
6.720548704569409004e-01
7.039211371648055326e-01
7.346835358698887708e-01
7.642583523384892663e-01
7.925668900186592092e-01
1.258571152334077681e+00
1.284444652121657038e+00
9.115330341245134749e-01
9.326907424568350313e-01
5.703590596117061873e-01
5.846873711578514099e-01
5.980660490139662055e-01
6.104845621760039975e-01
6.219337617878125668e-01
8.086829464938569689e-01
1.067551889718771907e+00
6.419221555408493041e-01
9.467899362091243276e-01
9.519022483976846694e-01
9.552684968870083226e-01
9.569156086375741888e-01
9.568783930875014443e-01
9.551995526349317256e-01
1.305284322087869597e+00
1.305580639714637448e+00
1.206960823129717975e+00
1.200502413949002589e+00
1.192716475149828259e+00
1.183690397352222368e+00
9.077041438441625365e-01
1.081462916190393919e+00
1.089425192033798284e+00
1.098281793912071258e+00
6.623017725693438607e-01
6.715239070053832249e-01
1.049772151588194813e+00
7.613732721180280771e-01
5.720290201338336100e-01
5.536026826752586949e-01
5.357087980037149588e-01
5.184073386172685094e-01
3.117057274919571852e-01
3.237124605415633294e-01
3.359335256065241193e-01
3.482803438399780238e-01
3.606511085071295031e-01
3.729312675996572790e-01
3.849945906366455395e-01
3.967047781925790439e-01
4.079175452045504247e-01
2.500831632144792649e-01
2.478832312698324436e-01
1.508500637224024499e-01
1.457555458290845096e-01
1.412779185262248993e-01
1.374470361259743645e-01
9.083505926073479064e-02
8.954784230072591888e-02
8.868781557783977920e-02
5.025308820159215539e-01
5.049577008075285534e-01
5.086029781445807751e-01
5.134584665639873036e-01
5.195102179949628862e-01
5.267386695364698612e-01
3.732125504489854917e-01
3.782800299028524216e-01
3.837535851512480778e-01
3.895854587681198411e-01
3.957287700801671027e-01
3.055670144013309386e-01
3.094520168979656982e-01
3.133010638128106984e-01
3.170953196866862500e-01
2.970232565888595855e-01
2.752702954868607721e-01
2.535313240196901408e-01
2.320162482516727742e-01
2.109120745594600110e-01
1.903755480479890905e-01
4.191088550962767667e-01
3.928666054601022140e-01
3.558378623010653441e-01
8.991641611787170030e-01
8.537996909708999160e-01
8.081634266032584613e-01
5.200825815003957686e-01
5.525491762238282645e-01
5.062259763063546858e-01
4.599325963750039992e-01
4.137502232001719626e-01
3.677548670527651109e-01
3.220185002916210459e-01
2.766103014362010781e-01
2.315979218446108656e-01
1.870486934772780385e-01
1.430307034136235056e-01
9.961367295775715169e-02
5.686959502978328890e-02
1.487310152837582021e-02
-1.016601640243196991e+00
3.856519355709319141e-01
3.779638461293792218e-01
3.714663467357480209e-01
6.391880463081107688e-01
6.348737659637798680e-01
3.980657173726609432e-01
3.962357099811693595e-01
3.955768321015214473e-01
3.960659444880256230e-01
3.976777159714091625e-01
4.531084873217612330e-01
4.565811366167801255e-01
4.613668011812424030e-01
2.796107682624755508e-01
2.851459170010164357e-01
1.835517364811966312e-01
4.363468940005866270e-01
4.456955927516605964e-01
4.558791860669276774e-01
4.668663285597805523e-01
4.786235406361274425e-01
3.005810556390396404e-01
3.125384826212735390e-01
7.602959263651571931e-01
8.272720187932401936e-01
7.456317034491946050e-01
7.572157766104379295e-01
7.685620049884039906e-01
4.767649815182309347e-01
8.429356415202683417e-01
8.471991167275867429e-01
8.507539153831094048e-01
8.535085707070464434e-01
8.553760304073898535e-01
6.598411323282871166e-01
6.571759207503579114e-01
9.452639028071702088e-01
8.020454480005700937e-01
8.032914889637552402e-01
7.328153197176120459e-01
6.944725589350413397e-01
7.006138225405134090e-01
4.333005409179549461e-01
4.240787931808007172e-01
6.719555122981434314e-01
5.781107912324169318e-01
5.670907164410051715e-01
5.682456077874177280e-01
6.259632709941151951e-01
7.920666153927083952e-01
5.507431909949730420e-01
5.630174252664633672e-01
5.765078571668986740e-01
5.912318870723566322e-01
3.742577394580992034e-01
3.711194380033445706e-01
3.677538136733448093e-01
2.215051328115127671e-01
2.074853562272958307e-01
1.926879098187995742e-01
1.770840075944478120e-01
1.606519612324665280e-01
1.433780770127881521e-01
1.252574170589866587e-01
1.062944046772157924e-01
8.650325755371075787e-02
6.590823695211225908e-02
4.454370569247721040e-02
2.245399244726038746e-02
3.066120114324025897e-02
2.249121573376217445e-02
1.511244230224351691e-02
7.110287484353883247e-03
4.694248018130084930e-03
9.004834383564468137e-03
1.244145580297074949e-02
1.503732405686008730e-02
1.683432174902439390e-02
5.522046370558901518e-02
4.947113263755114482e-02
2.928983545164587365e-01
2.814094529422928592e-01
2.101578704377332907e-01
5.881231963023008102e-01
4.435098005870748983e-01
4.211018681520025120e-01
3.988655018293127408e-01
2.609244902061916282e-01
3.466236712936497377e-01
3.218660751449988200e-01
2.043344857113984503e-01
1.254869357963419307e-01
7.624553664444197465e-02
7.166417683372834635e-02
6.707792313468867451e-02
6.811579752676935606e-02
6.216125206837242595e-02
5.638040547404185587e-02
5.079643667814540131e-02
3.170879393113527900e-02
3.574486695819658610e-01
7.532865785682159032e-01
7.626805121050906910e-01
4.634433990967258832e-01
5.818027783834628375e-01
3.658808389858480559e-01
9.574497922727230881e-01
9.519993863030876691e-01
9.476426281029578513e-01
9.443372501588706003e-01
9.420356305437979083e-01
9.406849860479052916e-01
7.742142079205487359e-01
4.649267403261685971e-01
4.656859651436831560e-01
4.664903632868500627e-01
4.673046854789454918e-01
4.680938220620416979e-01
4.688232838209880349e-01
4.694596944481750356e-01
4.699712868572484270e-01
4.703283940249992079e-01
4.705039236878423847e-01
4.704738051245810904e-01
6.537378211582364207e-01
6.501299357463387052e-01
7.004703143820629752e-01
7.011908698666050599e-01
7.016071688197094147e-01
9.195587276679102473e-01
5.649314499754952701e-01
5.451689762979279319e-01
5.425255865818982004e-01
8.292704314625760631e-01
9.450583167629935666e-01
9.422271947247726764e-01
1.006675453242134255e+00
9.053976931146017204e-01
9.057195946905590711e-01
5.445211045652800230e-01
1.045072367352030351e+00
9.240040202564835381e-01
1.002784980265892134e+00
1.009261553427120095e+00
6.194760038842748173e-01
6.096268384545326935e-01
7.967313193982666908e-01
7.868590551015380852e-01
7.763996889595916606e-01
7.653252512024145693e-01
7.536042698399881834e-01
7.412022085721697851e-01
7.280820577458753107e-01
6.296554462966236221e-01
6.196415669726469400e-01
6.090666757916417540e-01
4.688900766062393810e-01
4.851811582795627631e-01
5.025451027477269017e-01
5.209730933984361156e-01
8.768854814680456800e-01
9.044723926764473010e-01
9.332480440928525578e-01
5.600191671094214563e-01
5.312105342542914332e-01
5.012973802811057089e-01
9.419614576712778131e-01
9.144916491343455522e-01
1.057343999742111018e+00
1.094455980898118463e+00
1.132253137410122790e+00
7.906340367797913826e-01
8.300236833274809989e-01
8.698628636434598826e-01
1.031569042264362634e+00
1.069829383911285570e+00
6.473449208417350054e-01
6.846210465388382627e-01
4.841851043827697931e-01
5.202733635152566594e-01
3.220213927064572434e-01
3.575791263305884149e-01
3.925921214843372531e-01
8.257498087252418406e-01
8.597499936681859412e-01
8.929862522305159755e-01
9.253746038542532970e-01
5.552478649042034142e-01
4.038728349709556076e-01
4.285890194818489651e-01
4.522564935964456523e-01
4.748219289788194186e-01
4.962368928651553213e-01
5.164578728800293117e-01
1.012111450640786003e+00
1.029893524054624310e+00
1.046790905778196779e+00
1.057261168971449727e+00
1.044622238329108610e+00
1.033028476382522376e+00
6.223395283243873255e-01
6.079362291717600453e-01
1.165410518004183382e+00
7.657341615510586674e-01
7.549004672515596814e-01
7.454726301786375187e-01
7.374233429148777663e-01
7.307193336437211029e-01
1.257312267563468255e+00
1.258289773371766840e+00
1.257995113794210251e+00
7.572928880390261686e-01
7.582000706291670555e-01
7.602980540584342029e-01
7.635074553933400843e-01
7.677434425094925574e-01
7.729160161384707184e-01
1.094763971511160783e+00
1.106670915683136691e+00
1.119377254763834761e+00
1.132777419910421468e+00
1.146760994758952545e+00
1.099435719768445674e+00
1.083088421222672570e+00
7.452996129420413896e-01
7.267806125141067497e-01
7.086723048006146053e-01
6.910729621636145792e-01
4.280031682254542558e-01
4.091836418955045462e-01
3.910997191926717242e-01
3.738442132219230718e-01
4.892517496425022872e-01
3.983031146122154031e-01
4.322273314433575653e-01
4.309920334971470424e-01
4.302744069240343472e-01
4.300822133900273903e-01
3.165147976704261734e-01
2.129338041827477934e-01
2.070582445678721129e-01
2.026636678141418568e-01
1.997974760853218901e-01
3.914952131021757209e-01
3.934876876634788023e-01
3.971943581997368633e-01
4.026335098609880037e-01
4.098167798397529538e-01
1.041070451722348578e+00
6.301140072490435395e-01
6.420978176593731268e-01
6.555380361014805368e-01
6.704070779923578804e-01
6.866724274464134359e-01
7.042972181874013193e-01
9.707512197765885142e-01
9.376779342830809938e-01
9.027195426810376011e-01
8.659429492163556175e-01
5.247734395703775867e-01
3.156136509753629249e-01
1.909351828430823073e-01
1.468350654490728213e-01
1.014519384446121442e-01
5.486681587252276865e-02
7.158626422281933778e-03
1.507834826342581251e-02
-8.307395960809218494e-01
3.856519355709319141e-01
5.193484719185850196e-01
5.132919288935915425e-01
5.083719737760472590e-01
4.015101352733405626e-01
3.943298737083889005e-01
9.242458497798340389e-01
9.295134063753562881e-01
9.197105293225971145e-01
9.082814543153246989e-01
8.953330408316827471e-01
8.370228623373233701e-01
5.225865055701239825e-01
5.289225406466576684e-01
5.364075763465195879e-01
5.449736603657004963e-01
5.545492825041412610e-01
5.650595790511638850e-01
8.835026073128143809e-01
8.955246722491598810e-01
9.082362014583381660e-01
9.215311733426020391e-01
9.352993566331415654e-01
9.494265813063756942e-01
9.637950504403161034e-01
9.782837009403517747e-01
9.927686203687176025e-01
1.165805476400367136e+00
1.149521620253940446e+00
1.133930081400098322e+00
1.119135375524219711e+00
1.105236842841274436e+00
1.092328564931403401e+00
7.983445870508631970e-01
8.431016420300169179e-01
8.517934301818923526e-01
8.592196607931597008e-01
8.652639861600659454e-01
5.250597495533382286e-01
5.219298735472501782e-01
5.171760995978030850e-01
7.952133589707033323e-01
7.906883773957882333e-01
7.842829697378005394e-01
7.759435090942087276e-01
7.656251498030959279e-01
7.532919941785223283e-01
7.389172040089313498e-01
9.748617325233337461e-01
1.224605402447046076e+00
1.241944929364434458e+00
8.172445394139581376e-01
7.927259913385128476e-01
7.661681843012368986e-01
7.376078458455960218e-01
7.365874176840990772e-01
5.600395524966114147e-01
5.255624505258241763e-01
1.088160418129551887e+00
1.054012545170385229e+00
1.039991324590270327e+00
1.001580783065048719e+00
9.616641332285872368e-01
9.203335812049799891e-01
8.776866055721148641e-01
8.338252655339860597e-01
1.016782659695049329e+00
6.213101508277594220e-01
3.781444654067572242e-01
3.545665587707495514e-01
3.315843276808462803e-01
3.092057756503880928e-01
2.874103813696371468e-01
2.661523551805227150e-01
2.453650374454093841e-01
2.249662049882404091e-01
2.048639888285438415e-01
4.567397359365639176e-01
6.458445423119824058e-01
6.162497482911563074e-01
5.871712190937633524e-01
9.183062208730493614e-01
8.828790335250765731e-01
8.482059855180177355e-01
8.143534004666339587e-01
7.813863403865660695e-01
9.482614462302786373e-01
1.066524446839375972e+00
1.096763290972702087e+00
1.125657213619430275e+00
1.153122973900961856e+00
1.172609398732058938e+00
1.196782653643509553e+00
1.219373586575037693e+00
1.240328943494106939e+00
1.259601443982580449e+00
1.261491744605068188e+00
1.038658125937162557e+00
1.051947290327682305e+00
1.064150835454374056e+00
8.775935875863947189e-01
8.856314017467687982e-01
8.922759664619956954e-01
8.975243394949893316e-01
9.013771409923002631e-01
9.038389316808891349e-01
9.049186351529350247e-01
9.046299875255197076e-01
1.163249752875346932e+00
9.915936480814584453e-01
9.872990312256060275e-01
9.817186638997322801e-01
9.748972676282467997e-01
1.290781920771126190e+00
7.794312112299981443e-01
7.865982827595340288e-01
7.947810304178023477e-01
8.038936514672067046e-01
8.254513756916223022e-01
1.062460730450395241e+00
1.043945801666367856e+00
9.346037439899834709e-01
9.448718080450843049e-01
9.553741154503097022e-01
9.660054710607783868e-01
5.797905414074497887e-01
5.856153217665627242e-01
5.912370978540130162e-01
5.965645195019573244e-01
6.015072351429260333e-01
6.059764000753140589e-01
6.098851556919525629e-01
5.542436675907512766e-01
5.551263744104643072e-01
3.938523210174961764e-01
2.711941897770541732e-01
2.465450897888912252e-01
2.458491871686695751e-01
2.438636766241193410e-01
2.405098845397689866e-01
2.357147134148549483e-01
2.777335101251466321e-01
2.704518245871022075e-01
2.615168645128423397e-01
7.777847115126184097e-01
7.592878142742088832e-01
7.498928356006714369e-01
7.393493226890466286e-01
7.275537971850347674e-01
7.266129673188415072e-01
7.152051887396305707e-01
1.060976066533094953e+00
1.077960248672938715e+00
1.096402268875841024e+00
1.116288919233109134e+00
1.137600313054193846e+00
1.160309822152144843e+00
1.184384036781787275e+00
1.209782755274832589e+00
1.221924059486945158e+00
1.195717466567149279e+00
1.168255479138063269e+00
7.671080134613299517e-01
7.404894601068460203e-01
7.129096136029801078e-01
4.476484773027785691e-01
6.910071654071676672e-01
4.147067447265444518e-01
4.568767058792320146e-01
4.320470035266080755e-01
2.709872416519083504e-01
2.918098234990246787e-01
3.163170222133658838e-01
3.410145974368365973e-01
3.658300747819751009e-01
3.906910887448677427e-01
8.197299541123372890e-01
8.489988061234888805e-01
1.280822010382556275e+00
7.710981069090442341e-01
8.073065605383629162e-01
7.510352442683124741e-01
7.833490019567116436e-01
8.150348390824095901e-01
4.892295615784191254e-01
7.517388575077076363e-01
7.826393643958686752e-01
8.035212533374093136e-01
5.208876049022737043e-01
3.523219483448511435e-01
3.671778873944909760e-01
3.813944338898134778e-01
3.949617223798481680e-01
4.078718729118445130e-01
4.201185594971388881e-01
4.316965936612018329e-01
4.426015395978976641e-01
2.789962758047543900e-01
2.864410089110921986e-01
2.933529550065169245e-01
2.997309044717138549e-01
3.055726805935466417e-01
3.108751869344865137e-01
3.156345474952984564e-01
3.198463356214158448e-01
3.235058843550256413e-01
2.547314830620073245e-01
2.599855367273185003e-01
2.652141668498855798e-01
2.675399568447655030e-01
4.037063707404003332e-01
4.029421255675441071e-01
2.484485475262355747e-01
2.477245875286735732e-01
5.092501585079627358e-01
3.963505669426674594e-01
4.011903735603352117e-01
4.061321002025224391e-01
3.015852474371750191e-01
3.062341113968189421e-01
3.105650125500603043e-01
3.145698740584412234e-01
3.182464336354010603e-01
3.215982461351413746e-01
3.246345808492814289e-01
3.273702225676714539e-01
7.690267389232555706e-01
5.009675446495948092e-01
5.033494897304020554e-01
5.054222366769915986e-01
5.591831497773259718e-01
5.609982085539896302e-01
5.623079101228027898e-01
5.630611167121262195e-01
5.632095249059360098e-01
5.627077233189750061e-01
5.615131923760385835e-01
5.595862510704029402e-01
3.455425839715218772e-01
3.411435971200574291e-01
3.360045774697915655e-01
3.300982177310018417e-01
3.233990651259001092e-01
3.158834151886824038e-01
3.075292373224099984e-01
3.610336950994960104e-01
8.501861032291434528e-01
8.417205442235331514e-01
8.322686654544657614e-01
8.218163319176770010e-01
4.953346624096144901e-01
4.763110232925316101e-01
2.972169571234574703e-01
2.748048563790599919e-01
2.061429942025091167e-01
1.778446786813950853e-01
3.701248659579305378e-01
3.415433760804613139e-01
3.115882854236788901e-01
2.803045749798083741e-01
2.477444921206085338e-01
2.139676238126799190e-01
1.790408936195864442e-01
1.430384740459233472e-01
1.060416075296092553e-01
6.813833124514150075e-02
2.942310277590124909e-02
-1.250211305855490451e+00
3.856519355709319141e-01
3.779638461293792218e-01
3.714663467357480209e-01
3.661542101634449042e-01
3.620176935990664924e-01
3.590426453486395553e-01
2.354902007616315740e-01
2.316894848438775523e-01
2.294497781192142427e-01
2.287202746081789528e-01
6.901724707302252515e-01
6.926747762263505415e-01
6.965722199934497594e-01
1.079551887376358543e+00
1.063316584839401280e+00
1.218809866194852320e+00
1.108348213597864840e+00
1.113252051427250588e+00
1.115043445962934587e+00
1.109342451088505044e+00
1.103143790991081730e+00
8.802655479913277237e-01
6.301966211071643453e-01
3.802142163102979477e-01
3.824238967315130022e-01
3.845599398909758659e-01
3.865341674627502111e-01
3.882598256209748855e-01
3.896520539980121711e-01
5.392341965024908257e-01
5.381766225361744871e-01
5.366674084385570920e-01
4.296810765389518227e-01
9.569742670955903030e-01
9.583007804330486712e-01
5.850653340575346917e-01
5.842147654902971610e-01
8.920347167470070726e-01
8.894323203962629654e-01
8.855769451055673924e-01
8.804147857362654150e-01
8.738963392251145601e-01
8.659762568879029176e-01
8.566131962016132473e-01
8.457696867366076843e-01
8.334120241173531562e-01
8.195102043990482032e-01
8.040379091131750755e-01
7.869725485478439309e-01
4.824284298825779471e-01
4.596819701884474751e-01
4.350639969923122408e-01
8.822925178182504657e-01
1.093657886421704362e+00
1.017226220330186282e+00
1.040416358758928350e+00
6.570764263081917411e-01
4.012524086070176077e-01
4.258965532308370272e-01
4.521883045901911591e-01
7.033717246456374639e-01
4.298692874081472826e-01
1.013289605707858421e+00
1.048453081165066969e+00
6.817568008001572144e-01
7.039007047057580513e-01
7.368287429946702716e-01
1.127840032574956242e+00
8.702802667655650248e-01
8.288719129304468192e-01
7.893595645125073279e-01
7.430804199205829352e-01
6.963516106357382496e-01
6.492899149201790676e-01
1.299179301411506504e+00
7.801094066395217741e-01
7.441991879124107978e-01
1.249776634701343481e+00
1.214128177391261998e+00
7.741866483794151987e-01
8.043815231828460588e-01
8.341403543911111163e-01
8.633918243774797441e-01
8.920692549819361217e-01
9.201108747150676948e-01
9.474599916954569157e-01
9.740650701076283280e-01
9.998797109372539182e-01
1.024862540818525680e+00
6.229346903166532723e-01
7.714482588309665712e-01
4.669265159789476316e-01
4.801507086198970042e-01
4.927935635989253438e-01
8.004779496962817209e-01
7.892736574535600402e-01
7.790291505774331604e-01
7.697541850292962673e-01
6.063845216798602333e-01
5.941318551868264297e-01
5.829300755653319399e-01
7.188634502990477460e-01
7.098421742760301356e-01
7.019485706514172474e-01
8.784322087458423800e-01
8.855624942474760175e-01
8.919887760734336313e-01
6.073978538883068046e-01
6.065690479650065470e-01
6.045939296113356232e-01
6.014995782953566072e-01
5.973185811267862633e-01
5.920893230217540992e-01
5.858562080075278011e-01
3.526832459751848003e-01
2.414891256453944035e-01
2.323681516168835948e-01
6.502035950775902906e-01
6.379982705535809373e-01
1.255177958458743914e+00
7.574147839510464442e-01
9.275680141661786227e-01
9.382179512116780584e-01
9.491099046908986203e-01
9.601265792085431627e-01
5.853513744941211128e-01
5.907919986079888108e-01
3.592030657456470877e-01
3.598883849751038366e-01
5.532623160586817024e-01
7.248011148572858220e-01
7.247432722262346916e-01
7.241460221098759975e-01
8.247555167353664007e-01
8.224672820735570156e-01
8.207897196271993767e-01
8.197911966028330610e-01
9.842114287718211063e-01
9.803643112634748968e-01
8.700763412341244729e-01
5.594535575135241023e-01
5.522512935153945923e-01
3.418601569862257383e-01
3.303492758421350817e-01
3.598231872493081185e-01
3.491438515415589694e-01
3.377224914556021251e-01
3.255351707696902963e-01
2.045972268241628145e-01
1.971473407964423885e-01
1.222796423102824603e-01
1.171115873506149846e-01
1.117090519515216568e-01
1.060263312738134178e-01
1.000168940708383719e-01
9.363445116693444592e-02
1.914545305327031433e-01
3.170659040477004642e-01
3.080310709441319017e-01
2.983736914108090499e-01
2.880484714066292029e-01
1.794336816405884549e-01
2.878766245321956463e-01
2.698090213664340875e-01
1.947983824687409826e-01
1.768517078168048429e-01
2.979818143698905741e-01
1.885440175745093927e-01
1.830456354041898048e-01
1.748245970384620929e-01
1.550854907776177405e-01
1.487290414380901260e-01
1.173535918368345393e-01
8.556264315789062491e-02
5.345236287933741171e-02
2.112253807016481119e-02
-1.010704216159498570e+00
2.479969255394349203e-01
2.415167150575095178e-01
4.681641696783576667e-01
6.407343015307190859e-01
6.353616823778986955e-01
3.813556571035837672e-01
7.254555807632931952e-01
5.672177584936909378e-01
3.578771369883664843e-01
3.449930374522468535e-01
2.892953966117405296e-01
7.942562327548422507e-01
7.812972087624797668e-01
7.673973602376712444e-01
5.194503396262525330e-01
7.433769395564574500e-01
4.563542286528997627e-01
2.790832535836283990e-01
2.890887708187170335e-01
1.858795167000727999e-01
1.945821831173477345e-01
6.185638562481157177e-01
6.318658512486556855e-01
3.812571905555462437e-01
3.894731518368590439e-01
8.776739564392234128e-01
8.533283204397736910e-01
5.253009549786835652e-01
5.338813067002832202e-01
5.419240236113962439e-01
5.493066161120667701e-01
1.231662867494565550e+00
1.142204286839638483e+00
1.136381981406165753e+00
1.131564668450082634e+00
1.127832341649819714e+00
1.125260532773684652e+00
1.175497468328960071e+00
7.273106794638644068e-01
1.177809340702031804e+00
1.180760749956209166e+00
1.038003635398728086e+00
1.052665955830113687e+00
1.059490967375071202e+00
1.067914180099118093e+00
1.174727412945246519e+00
1.160488241560239997e+00
1.144546524277858524e+00
1.126880120374132543e+00
1.107470450590519517e+00
1.086302672723852059e+00
1.063365945370837728e+00
8.620380805968483884e-01
8.834995078601410867e-01
9.065864379739526635e-01
9.312891251912479573e-01
9.654023625277602383e-01
9.329384768317875443e-01
7.495560346260395912e-01
5.296005428886341182e-01
4.932034222689359870e-01
4.553450867767832033e-01
4.160603953671151434e-01
3.753931440716678503e-01
3.333961999830041822e-01
3.767821683623898688e-01
3.311533027137797958e-01
8.243565410241897595e-01
7.767521362884504121e-01
4.877130143331205869e-01
4.378391325127242162e-01
3.875075216722952964e-01
3.368238537393201670e-01
2.858906388566733736e-01
2.348073391254453524e-01
1.836706716601344824e-01
1.325750646539605448e-01
8.161321954683095625e-02
3.087672534988124273e-02
6.553146445818212873e-02
8.920318841055707715e-02
4.076022134346430487e-02
-1.163797599558489271e+00
3.856519355709319141e-01
3.779638461293792218e-01
3.714663467357480209e-01
6.261249986120990263e-01
5.163738471891275994e-01
5.099126510868159379e-01
7.005896864651608436e-01
6.918064121251384924e-01
6.814203419360091996e-01
7.924861286701085916e-01
7.809812135970553015e-01
7.680070925922395375e-01
8.805614616324558552e-01
8.666369684363487425e-01
5.409770426188511561e-01
8.705504327466192516e-01
8.540642023128517391e-01
5.258814348765584734e-01
6.994915894695766800e-01
1.293852737475800208e+00
8.997627131956705826e-01
1.074492953922620675e+00
9.159654761500765074e-01
9.931744737352752317e-01
9.753739713975002612e-01
9.576072759744267415e-01
9.400001916652128697e-01
9.226771843931167449e-01
7.423311454769176976e-01
1.002730258040209765e+00
1.112404641241810488e+00
1.124867763388069486e+00
7.592621985007312890e-01
1.037993908719225367e+00
1.025453652233036195e+00
1.014199418218643567e+00
8.105536857293046404e-01
5.792450144275502755e-01
5.791793502881742439e-01
5.775812470996003478e-01
6.077982534942764081e-01
6.015890401535097798e-01
5.937133401639904662e-01
3.757444132205354781e-01
3.642848163389663663e-01
6.960830509419223544e-01
7.715384875985096258e-01
1.217490616242557167e+00
1.228662896035310981e+00
1.241738102683767275e+00
1.254965977027455937e+00
1.236544992475726801e+00
1.216099814406550683e+00
1.193649089311309863e+00
1.299656119388644004e+00
1.319989310191401977e+00
8.809097656783843044e-01
9.514238616184174102e-01
6.830850446063673198e-01
7.070352853215735589e-01
7.324749830049244181e-01
6.435126701981958020e-01
6.123457953977455848e-01
5.804166422307376338e-01
5.478529801546216937e-01
1.014021089589099978e+00
1.029596802370184028e+00
1.068774260437906909e+00
1.108959516338042572e+00
1.150060613057579229e+00
1.191982130851247268e+00
1.234625305595117295e+00
1.253550036729287553e+00
1.208625376634346438e+00
8.207350901345266125e-01
8.601394902381379604e-01
7.377166014451389531e-01
5.764241437672047441e-01
6.100687297767822814e-01
6.434240546069329714e-01
4.017969947221037286e-01
4.266639473098553514e-01
4.510518511323172164e-01
4.749052473963991106e-01
8.328691444588817161e-01
8.550710040660342015e-01
1.043978209888805075e+00
1.013322631189096601e+00
9.836438664968525369e-01
9.550067331809108939e-01
9.274704052121380826e-01
9.010883163522370731e-01
5.463944187983802436e-01
5.192624175357338778e-01
4.934859396382327290e-01
4.223652088613003008e-01
3.995739108984967536e-01
3.781658635876224417e-01
3.581536930764634974e-01
3.395449799251059608e-01
3.223424306960623320e-01
3.065440287098671335e-01
2.921431578781426008e-01
5.462592479571946047e-01
5.365882163906546820e-01
5.281644093919947158e-01
5.209641870263721497e-01
5.149595622760029245e-01
5.101181737149765860e-01
5.064032470002247655e-01
5.037735528154624332e-01
5.021833696238803268e-01
3.220257226329168998e-01
5.070184308418808072e-01
5.086647840158733391e-01
1.108972270187262410e+00
1.116855195603990047e+00
9.153618692052195582e-01
9.076416847835976354e-01
8.992556979728144606e-01
1.012841363565537556e+00
1.009647370568425684e+00
1.006010778541424955e+00
9.665181352309227814e-01
9.749026736592990572e-01
5.854730645733421390e-01
5.903508353980022605e-01
4.801321252335172263e-01
3.023693158479156540e-01
3.043692395852327648e-01
3.059724213213265154e-01
3.071073202108698941e-01
3.077044095068681151e-01
4.014903550255170539e-01
4.009635820124953787e-01
3.997883294271863397e-01
3.979174405905100964e-01
4.495687091825893988e-01
4.480014430861033459e-01
4.459662548835928164e-01
4.434549614422422237e-01
4.404596734041503758e-01
4.529566092273675793e-01
4.569340592850476002e-01
3.896428688911031668e-01
3.840359840091968624e-01
3.778845243489002970e-01
3.711748771548230019e-01
2.232303933801109974e-01
1.401692399440593040e-01
8.570427403724446835e-02
8.009162505245377706e-02
7.414194777863819530e-02
6.784303055559348650e-02
4.243552079366612328e-02
7.239572166047869572e-02
6.833564504997026445e-02
1.284999419952566335e-01
1.290624597841063259e-01
1.293691299104858528e-01
8.359572756346443645e-02
6.393878283078119340e-02
5.866289990152892542e-02
5.304281016665475523e-02
4.708965001524697408e-02
4.082134259546457006e-02
3.372105892365664243e-02
3.229709259809934035e-02
3.055694438381939201e-02
2.852102616206464089e-02
2.621606973626807932e-02
2.367458563888229922e-02
2.093417975297339265e-02
1.803674505063022904e-02
1.176015036565049472e-02
1.728199658636762337e-01
6.506550329070067695e-01
4.003997139172902897e-01
4.090421545213113186e-01
4.024278311779601602e-01
3.912353005020465790e-01
3.801059824093513395e-01
3.690947255505332980e-01
3.582547369239468815e-01
3.476369410031189822e-01
2.816074529675469118e-01
3.013939792475193724e-01
3.059771763389662058e-01
3.368966780805732752e-01
3.255423089010012760e-01
3.146824007023767966e-01
3.043409046711072485e-01
2.945372017519903851e-01
2.852862703418526658e-01
2.765989159766155669e-01
2.684820504867542756e-01
2.609390072869802735e-01
8.980622927917072396e-01
7.374403199929134844e-01
7.241000745078818301e-01
4.369225412320131285e-01
4.220036255681232085e-01
4.085193108130931172e-01
3.964593532182004165e-01
3.858090655176706352e-01
3.765493126038817473e-01
1.066222020629802980e+00
1.064249249343101944e+00
1.063541701331383704e+00
1.131632603041220486e+00
1.133998391944587514e+00
1.137441808286706824e+00
1.065295888975493321e+00
1.066180792914773523e+00
1.066273189446167446e+00
1.065594185332101596e+00
1.064171151214427180e+00
1.062037977358083030e+00
8.048388230622040007e-01
6.147584314892380331e-01
1.223096847383576602e+00
1.216416532687544017e+00
1.209295234456299717e+00
1.201819132465272499e+00
1.194078729174130160e+00
8.286641451854513951e-01
8.199623827184905345e-01
8.112759997660047295e-01
8.027002105787450770e-01
9.632275474320829423e-01
1.243767638026885392e+00
1.237034056569502161e+00
1.230834946717795253e+00
1.225268791497757803e+00
1.220431360854734582e+00
1.216415181965622372e+00
8.298931131001912043e-01
8.296470950474786887e-01
8.285439066976106881e-01
8.265472318009284836e-01
1.086649175647978360e+00
9.337045004833425255e-01
9.302708273022844976e-01
5.930156620568270975e-01
7.728538185069477873e-01
7.798433669693135561e-01
7.877991909441994789e-01
7.967510452537047705e-01
8.067239844992990516e-01
8.177381459237456074e-01
4.921528193069396595e-01
5.012746442014024417e-01
5.111252794784542086e-01
5.217067719554744354e-01
5.330159463573380663e-01
5.450441701756941759e-01
5.577771491968889217e-01
3.387076672342614891e-01
3.354213748879594781e-01
3.317285858443256297e-01
3.275990859980403291e-01
3.867402407361519856e-01
3.806633556633408078e-01
3.231755491325364327e-01
3.123426039819131028e-01
3.009380830537602414e-01
2.889789206914598063e-01
2.764888784569605740e-01
2.634984733068986285e-01
2.500447502501154662e-01
2.361709039033896007e-01
2.219257574061290761e-01
2.073631109119142002e-01
5.440219120543687836e-01
5.183010149395836930e-01
3.139962261081371553e-01
2.980180765431802437e-01
2.819581703428302166e-01
2.357940129272042828e-01
2.293001827133716308e-01
2.227066414925605864e-01
1.363074899761295422e-01
1.394598608597079070e-01
1.424807579602251073e-01
1.453871840638464030e-01
1.482006951140832363e-01
9.658348694931948031e-02
4.766708580716187971e-01
7.895719978304653885e-01
8.075797757783760300e-01
8.249915539886061300e-01
4.959796772687851685e-01
5.086244490080323866e-01
5.207641266514305700e-01
5.324018186863352931e-01
5.435406832905527175e-01
5.541834058992090029e-01
5.643317379158905300e-01
5.739861130034561443e-01
5.831453549531480096e-01
5.918064881742352012e-01
5.999646584700857321e-01
3.827929510492313336e-01
3.874647061136428650e-01
3.910633782602933040e-01
3.935950559054507969e-01
4.678190646812341869e-01
3.146649320108105274e-01
3.175173055782955500e-01
3.199656229356639958e-01
3.219973469415552403e-01
3.236016207028720171e-01
3.247699259449812748e-01
3.254967032165705376e-01
3.257799152593403025e-01
3.256215368929122334e-01
3.250279573208487149e-01
3.240102837538802460e-01
3.225845385552188471e-01
3.207717456137579859e-01
8.303071775690425982e-01
7.002614878559673128e-01
7.066180849423032706e-01
7.128536928397013472e-01
7.189158092677674361e-01
7.247540585541798475e-01
7.303205969669210873e-01
6.100514534747936146e-01
6.140321743065076943e-01
6.176591690859941641e-01
6.208983592864869561e-01
6.237188848882481151e-01
6.260931551989732391e-01
6.279968221528133832e-01
5.813899616280798766e-01
5.810847916032375604e-01
3.540574402298991563e-01
9.141416808543272321e-01
9.134264985181936858e-01
9.118093831267618521e-01
7.605479499251200926e-01
4.573577274863251940e-01
6.818143110556624809e-01
6.779876097379423650e-01
7.110870409751821608e-01
7.176712381382651662e-01
7.252067317295857185e-01
6.935418528213779243e-01
1.055823973008085837e+00
1.042073142410043785e+00
1.026884305802578279e+00
1.010248483444015299e+00
9.921604773355039431e-01
9.726191466795625074e-01
9.516277266221834230e-01
5.886323236845200091e-01
1.091446214939640447e+00
6.610718482248523209e-01
6.334593525962333160e-01
6.045148592870890347e-01
5.742795743095122640e-01
3.580597003571320269e-01
3.234015794542240418e-01
8.481479634079482910e-01
8.137821786117879208e-01
7.783588924789033303e-01
7.419588774737259085e-01
7.046686955258113505e-01
6.819882982775777869e-01
7.525917378589078721e-01
7.273902319020241203e-01
1.019734318299657438e+00
1.050046204937147287e+00
9.204491280766233796e-01
8.891746811181062693e-01
8.577062216478369416e-01
8.261363948116726696e-01
7.945583921804457717e-01
7.630651175394963515e-01
5.677307408305359848e-01
4.904839112373948207e-01
5.581926265419653310e-01
5.398409209307279966e-01
3.412007829571707118e-01
4.001310709719348435e-01
2.498176802945040742e-01
2.407337735028945158e-01
2.319582754223650789e-01
2.235234329114978435e-01
6.641741288791881415e-01
6.772813666470565153e-01
6.900250902125396602e-01
7.024201348954742796e-01
7.144819031047320301e-01
7.262255748824084645e-01
5.828767149640680101e-01
5.695337661328494505e-01
3.481866766939429314e-01
3.392002069250544816e-01
3.309257900869779223e-01
3.233580866020593358e-01
3.164892483164224446e-01
3.103091594008309806e-01
3.048056383390083113e-01
2.999645968411077668e-01
3.967694670990881134e-01
3.910116909561707210e-01
3.861603153637411245e-01
3.821892046755482331e-01
3.790693865573774857e-01
7.633433344148317090e-01
7.661621542729196710e-01
7.696968089290353587e-01
5.715461826716888849e-01
3.468206826557436728e-01
4.020600546276643095e-01
2.471328987825893442e-01
2.539891484568009283e-01
2.608515773433776053e-01
2.676811386997398068e-01
2.744393893683137464e-01
2.810887995042699594e-01
2.875930741593438755e-01
1.828167858845802796e-01
1.127944567444705420e-01
1.174397274826689541e-01
1.263554477923941877e-01
1.301645670307776115e-01
1.336857219051658385e-01
2.703089648105614362e-01
3.794717919087389757e-01
3.816305262225875294e-01
3.834117538745703824e-01
3.529601974726357394e-01
3.554517784189061835e-01
3.579482349365126215e-01
3.604959783271591278e-01
3.631415774074249203e-01
3.659312784876421754e-01
3.689105550389398802e-01
3.721236861881870306e-01
2.582165860242582323e-01
2.610610033852886480e-01
1.627666025715169273e-01
1.587529519649556464e-01
3.386134524433892512e-01
3.433269043878022786e-01
3.485554179923798790e-01
3.543211342452534662e-01
3.606429255604328143e-01
5.960128786257562483e-01
5.862119925167097456e-01
5.756204720858589807e-01
6.112225667653365946e-01
6.239978855945453873e-01
6.375952787264753674e-01
6.519997738805948240e-01
6.051196010536850078e-01
5.897351886374537777e-01
5.734961473082466066e-01
5.564074657455690964e-01
7.863837926134044087e-01
8.086736182983036425e-01
8.317223215888844834e-01
5.026340475220787418e-01
4.915416003575475146e-01
8.847936498140889228e-01
9.082232635046697533e-01
8.967292315548834880e-01
8.740365405522864117e-01
9.151568898722960421e-01
6.611635241475949387e-01
6.315558424798309867e-01
6.016139323727647259e-01
5.714260065298677471e-01
6.863969500325506345e-01
6.567219554217046396e-01
6.270373378321696389e-01
3.871477895583810835e-01
3.584087142150257366e-01
3.299545346774618859e-01
5.966442375879908999e-01
5.748674075709573339e-01
3.604591142005549864e-01
3.452824490800009416e-01
3.304417011884062116e-01
3.159826220230150806e-01
3.019462996212915473e-01
2.883689386183648784e-01
4.484128978518771014e-01
4.384990450409398943e-01
4.291634205565050264e-01
4.204314340474308298e-01
4.123239175799275902e-01
3.237597746032859769e-01
5.631924371471508373e-01
4.819330851658785164e-01
4.660955639612972545e-01
4.513237006653691985e-01
4.376189453314709432e-01
4.249790671580798707e-01
4.133983815535663409e-01
4.028679425693822425e-01
2.490346952909996969e-01
2.396201397784782361e-01
2.311744135693853397e-01
2.236773648983371721e-01
8.581594680900084260e-01
1.065040473323572545e+00
9.631560285772134966e-01
9.644002984694171055e-01
9.667745802591106719e-01
1.135536603834779168e+00
1.141408335094474147e+00
7.056172069978323691e-01
7.098945813117717440e-01
6.642027581889127230e-01
6.688605052780532967e-01
6.740679225009169606e-01
4.198043346904778983e-01
2.542485246053333148e-01
2.561923604075597716e-01
2.583098304554681812e-01
2.605346451770271243e-01
2.627992082180268807e-01
3.885207502708886707e-01
3.927648575989761692e-01
2.565994132545889594e-01
1.774856263344609664e-01
1.776459964030369931e-01
1.775048226045582433e-01
1.770121685675824508e-01
1.761197894142605413e-01
1.747813429122971884e-01
6.038863732972591380e-01
6.042979073278308411e-01
5.676850348821532721e-01
5.695731768329433953e-01
3.954681439055716119e-01
3.965528919046277245e-01
3.981287290095808507e-01
3.535202145161600029e-01
3.556541554677580819e-01
3.584715105942270497e-01
3.620049882335825697e-01
3.662844733550277843e-01
3.713369974355572034e-01
3.771866954616397982e-01
2.593242823353497095e-01
1.560619205745484850e-01
1.569797201089502825e-01
1.578046260325293437e-01
1.585176074304315286e-01
1.590960288160361280e-01
1.595142563534611424e-01
1.597443666742856816e-01
4.150303888801571972e-01
4.057571956601006558e-01
3.958620986540659636e-01
3.853382760494505899e-01
3.446030696808640159e-01
3.218665579935895416e-01
2.982897027359979192e-01
7.795956015704987863e-01
7.521904622011189590e-01
7.238941888070760111e-01
6.947713211070000172e-01
6.648922781914538005e-01
6.343330128058987105e-01
6.031745575951872329e-01
5.715024688137486653e-01
5.394061756721657552e-01
5.069782459084720694e-01
8.883736853069926775e-01
8.542969734143436300e-01
8.201080926132110482e-01
4.948380310409735139e-01
4.577809208679217701e-01
4.209717209023072781e-01
3.845084526452537954e-01
3.484854103257623570e-01
8.423090142636027178e-01
8.064821096919240206e-01
7.713491517152076815e-01
7.369920376213602298e-01
7.034874162153271770e-01
6.709064069548781317e-01
6.393143931317503137e-01
6.087708904004219823e-01
5.793294899425631694e-01
5.510378734463079464e-01
5.239378949635061788e-01
4.980657226800656034e-01
4.734520317908648690e-01
4.501222381033955777e-01
4.280967607847936951e-01
4.073913018816039400e-01
3.880171299277935248e-01
3.699813551398275502e-01
3.532871843805625578e-01
3.379341452356909303e-01
3.239182701445905144e-01
3.112322334987027150e-01
5.992695134304749649e-01
5.910208475392073613e-01
5.841494350035359995e-01
5.786342329599405421e-01
3.648938545826717061e-01
3.605644435156589167e-01
3.573019293385283901e-01
3.550728155999169355e-01
3.260808421510352773e-01
3.255454263999643105e-01
3.259028899561127735e-01
3.271049557224309234e-01
3.290990779679011102e-01
3.318283490242368572e-01
2.024756260086116588e-01
2.042657256572464053e-01
2.064692236532172653e-01
2.090268799557009616e-01
2.118761760097031266e-01
2.149515364042323406e-01
2.181846120732428285e-01
3.906200535800031237e-01
3.948482393236150689e-01
3.989697736643585402e-01
4.029202362219835298e-01
4.066352395480900550e-01
4.100508480829299640e-01
2.512914120814948582e-01
2.523935531644602159e-01
2.530802716826036636e-01
2.533007297176205763e-01
2.530059604891913838e-01
2.521491005460475554e-01
6.765252656868561143e-01
6.781065736716985759e-01
6.789337323271081859e-01
6.789783480394524506e-01
4.190623914949175299e-01
4.177204727182256550e-01
4.157583332536975429e-01
2.535131002030469594e-01
2.474122340331030290e-01
2.943366296786109060e-01
2.878204651674050041e-01
6.336033960508042906e-01
6.261760895288742690e-01
9.018358257012613066e-01
8.904910326791196651e-01
1.135641715078046898e+00
1.152156003962645281e+00
1.170157238052061066e+00
1.189629260966827085e+00
1.210548638843610858e+00
7.771438787422811911e-01
7.568097623583368572e-01
7.353112882918650950e-01
7.126813287186652968e-01
6.889585432559320877e-01
6.641875497209793755e-01
6.384190264662256142e-01
6.117097348775614174e-01
5.841224525505060994e-01
5.557258099096015203e-01
5.265940255285170846e-01
4.968065380576101031e-01
4.664475353917801881e-01
6.062803406317284205e-01
5.821173419814548167e-01
5.576059139836149203e-01
5.328244020257113522e-01
5.078532553245903580e-01
4.827742257467588782e-01
4.576695229162838774e-01
4.326209435246480273e-01
4.077089936226628852e-01
3.830120230587615859e-01
3.586053911189019394e-01
3.345606818178743502e-01
3.109449861969671991e-01
2.878202674163876651e-01
2.652428224222153075e-01
6.270279821484856519e-01
6.080146471394068941e-01
5.896605645176071775e-01
5.720118521375627818e-01
5.551092731443975081e-01
5.389881603236075236e-01
5.236784259419656751e-01
7.447706909094544692e-01
7.295703395660085855e-01
7.153933408819895812e-01
4.507622546188517765e-01
4.321829268693452297e-01
4.147167457355475650e-01
3.983679987289055480e-01
2.629457145949807284e-01
2.457434985815919182e-01
2.298609983172048010e-01
2.152932266036265974e-01
8.348435093280243136e-01
8.272892367456575746e-01
7.622493371130167894e-01
7.585076553904291918e-01
7.558953113707097549e-01
7.004094823388929969e-01
7.064260006582560036e-01
7.120012774451479620e-01
7.171067956839491941e-01
4.381253152163858133e-01
4.425312627505728624e-01
4.465770033634545166e-01
4.502347618040887789e-01
4.534810707857243051e-01
4.562975248849490129e-01
4.586714193330411748e-01
4.605962601579361437e-01
4.620721361705672492e-01
4.631059474946941368e-01
4.637114895619612875e-01
9.492915590515561552e-01
9.476214416057648915e-01
8.251563101243664100e-01
1.089847425346451182e+00
1.080323198128823048e+00
1.070758794113693124e+00
1.061259740495440251e+00
1.160136769326327366e+00
1.171558730211175847e+00
7.239356179342307795e-01
7.045469808311493054e-01
6.861931274292522032e-01
6.689784086961992893e-01
8.434929940177213759e-01
8.296857395467737151e-01
5.000123587589709873e-01
3.137414522946261886e-01
3.015715066277070977e-01
2.909312100344149110e-01
3.741206333216748336e-01
3.670799447736236010e-01
3.617531742554866980e-01
3.581708725122957349e-01
3.563580064521654767e-01
3.563336292511640746e-01
1.052069272170386816e+00
1.144325965504507270e+00
1.157224893209815253e+00
1.171989032245731588e+00
8.728374463751472634e-01
8.504853190655397022e-01
8.261487463608585546e-01
5.370303485236471719e-01
5.070733220530506680e-01
4.753381478831333884e-01
4.418644742563947458e-01
2.771888073176681511e-01
2.410339217932552514e-01
2.033983925765661116e-01
1.295281319051234115e-01
8.732052269822372648e-02
4.375258490365750708e-02
-1.310136258842573787e+00
2.628580954632854239e-01
2.557827308060767746e-01
1.690693347594218465e-01
1.125529009627519589e-01
4.183428285893112109e-01
4.150317023972988628e-01
4.130003064737390872e-01
2.494879161614618202e-01
2.496437332872311343e-01
2.414201665282269538e-01
2.436489837744772180e-01
8.716786330783120595e-01
6.739993491062050701e-01
6.801488199693158654e-01
4.374963923564222368e-01
4.444200422132881800e-01
9.520631112427532239e-01
9.627275094136843459e-01
9.742979485592028199e-01
9.866719040425034892e-01
1.065451308556884635e+00
1.079088152344272578e+00
1.093182025518586009e+00
1.107611362046320602e+00
9.251941952015015902e-01
9.018247516967325961e-01
8.899342022582296119e-01
8.783228607671227373e-01
8.670974713469873363e-01
5.241783609717722836e-01
5.150873920709867493e-01
5.065685036568321475e-01
8.288900692666554271e-01
8.237588769221048102e-01
5.113489809912904471e-01
5.083319238360776149e-01
6.086596371147067197e-01
5.245242350250393093e-01
3.507022942989553860e-01
3.506523981251516986e-01
3.513364221620106087e-01
3.527919866097822821e-01
3.550546945924534237e-01
3.581582543219036241e-01
2.422828264710916446e-01
3.912935800155085686e-01
3.988947939470118276e-01
4.079096657048469909e-01
4.183584944349104662e-01
2.821692165372938210e-01
1.902079707738188741e-01
5.696717709359712112e-01
5.859438912409147271e-01
6.036508001235141307e-01
6.227949374152278450e-01
6.433742808048392714e-01
6.653819911921280417e-01
6.888060555962447484e-01
7.136289413541897497e-01
7.398272755295176584e-01
5.551215834125179382e-01
5.845952124069428990e-01
3.551518828766060953e-01
3.824480646947175932e-01
4.108501224012902076e-01
2.648260287196145257e-01
2.966012638179856276e-01
3.293571627695983106e-01
3.630212325342449531e-01
2.447920483286564752e-01
5.103706420345710537e-01
4.384055533670651594e-01
4.698249878141608771e-01
5.078872598356942714e-01
3.329726266360405473e-01
9.274121381515725293e-01
1.012540027104576357e+00
8.551507730380859540e-01
8.137903456543239544e-01
8.944789613942859541e-01
8.536216933642156723e-01
8.130474188988517925e-01
1.151922710914364156e+00
1.113048581629027645e+00
9.967849916171568347e-01
1.175375747375376534e+00
1.211186318591298328e+00
7.279332577423409667e-01
7.583343129501625146e-01
6.059771247189736920e-01
8.131421176208356583e-01
8.395527543814179650e-01
8.644025355736657534e-01
8.876256165431249956e-01
9.091629581886919720e-01
9.289627717079019797e-01
9.469809357383058845e-01
7.882805601181407384e-01
8.021392316949297330e-01
5.838597294916577640e-01
5.929905211038635215e-01
1.111671693168999164e+00
1.120744934254291003e+00
1.128165303149488707e+00
1.133948218326730428e+00
1.138115963986436885e+00
1.140697791009326112e+00
1.141729995000622777e+00
1.141255961461486335e+00
1.139326168205556655e+00
1.072622788300279906e+00
1.075899561293942819e+00
1.080560268464197726e+00
1.086534121657714236e+00
1.093744323550490227e+00
1.102108173368116173e+00
1.111537199515646002e+00
1.121937323080182347e+00
1.133209056858942132e+00
1.145247745149728935e+00
6.891197364867350794e-01
4.295155557540955016e-01
4.334320303768721128e-01
4.374820953303408810e-01
4.415615383855392984e-01
2.794510259169082911e-01
2.822222067500343989e-01
2.847176038529877773e-01
7.929692439269132587e-01
7.937657380186319278e-01
7.940726859712113894e-01
7.656824184633550523e-01
7.617223226399590930e-01
7.582887515298396552e-01
4.563697148667607562e-01
4.538791489280663560e-01
4.518569914052863457e-01
4.503593532856197124e-01
4.494412554490902489e-01
4.491564914157564203e-01
4.495574936063749805e-01
4.506951958416635651e-01
4.526188847591647302e-01
3.722843761619835656e-01
3.755113820571053806e-01
3.795735162648398719e-01
3.845085967552492323e-01
3.903526292133473463e-01
2.376885124420838602e-01
6.293775202770580668e-01
6.409249355814924387e-01
3.898139701768996712e-01
4.038059395122608475e-01
4.190636221282260099e-01
8.240085466345170584e-01
8.457124053833294797e-01
8.688608672197408733e-01
6.944239968708727506e-01
7.160125257150324884e-01
7.388140034558546843e-01
8.160162249686105929e-01
8.448469839011669702e-01
8.218076125476714289e-01
5.972791288863102954e-01
8.546186903562427162e-01
8.836993205355729852e-01
5.743888335692296510e-01
5.466026181845651255e-01
5.178348835839108322e-01
4.881352528532397206e-01
4.575629982584689670e-01
4.261865095250308988e-01
2.620463800111803021e-01
2.320428400805805147e-01
2.014940068365841108e-01
1.377603290271079417e-01
1.184491874219498891e-01
9.868598843754051997e-02
7.485567558379105368e-02
7.462328887732400107e-02
4.477590525643097147e-02
3.584581377492951360e-02
2.658870400960702818e-02
7.915337992939108780e-02
6.789556789323623887e-02
5.649873670846291412e-02
4.503723239828476277e-02
3.358190624434109761e-02
2.219941835412364214e-02
1.825885007826488077e-02
1.054783616750237969e-02
7.080516320880298267e-03
-7.314783654428888005e-01
3.856519355709319141e-01
6.262034809008670821e-01
5.766408736400471247e-01
5.689773161184050743e-01
4.853811361947111824e-01
4.801109752856006496e-01
4.764155203926760396e-01
4.049045762496747969e-01
4.012047843801306302e-01
3.990640118604517617e-01
3.984255420533845959e-01
3.992263061970330318e-01
7.826472832746846908e-01
9.379840270593168272e-01
9.473540440693987152e-01
9.412093241220326201e-01
9.226819009108278014e-01
5.613473637633826785e-01
5.398274275028489555e-01
6.899716358212838463e-01
6.686611970937020866e-01
9.207378986945182753e-01
1.036388265393136665e+00
1.048800263784972264e+00
1.045190671424171436e+00
1.027477007868106806e+00
1.009992896175884614e+00
9.928612201265464288e-01
6.543227545137433321e-01
6.393781047118878291e-01
6.249929995110792280e-01
6.112764644214968568e-01
5.983339252632486893e-01
5.862667133412886589e-01
5.751716326402382951e-01
5.651405903003285935e-01
5.562602903480415861e-01
5.486119893602183772e-01
5.422713114434069004e-01
5.373081186334428550e-01
5.337864316031147860e-01
5.317643944615384477e-01
5.528818113549899271e-01
3.759842627097623735e-01
1.012340031768024895e+00
6.174741705180323281e-01
6.240244231553178089e-01
6.322772657029128718e-01
6.422519148929796140e-01
7.958540653407615295e-01
8.101602643506253809e-01
8.262293799070877798e-01
8.440585347159266227e-01
8.636391848542215310e-01
8.849570740138363867e-01
1.039111996290675854e+00
1.063461436789278070e+00
8.783743004196048476e-01
1.088033163174227047e+00
1.063282058655943052e+00
6.485893570376650707e-01
6.194694115251485611e-01
5.271905604288094072e-01
1.016131062718948819e+00
9.438880650547312179e-01
9.757521388709703425e-01
6.038060680370984645e-01
5.793916377068880630e-01
5.542576290972134334e-01
5.284619998433107702e-01
5.020692022349104722e-01
4.751496312002057576e-01
4.477789519776297356e-01
4.200373222139427432e-01
7.091953126809787955e-01
6.861037447571740611e-01
6.627607805565842725e-01
6.392433332107837485e-01
6.156298518565804789e-01
8.821198374264910269e-01
9.072019377075910551e-01
9.318993073659840309e-01
9.561622888201888326e-01
9.799467496805441824e-01
1.098702708328034516e+00
1.127746164972168064e+00
1.156025682476067518e+00
1.183491937330337418e+00
1.210100900890956677e+00
1.194426618808799523e+00
7.544290857146243034e-01
7.282059875296928997e-01
8.004804008911853286e-01
7.842560263518860708e-01
7.689220043770143009e-01
7.545045867819744068e-01
7.410248858668075922e-01
7.284989938873678295e-01
7.169381247123536305e-01
7.063487685343792233e-01
5.670043576285105358e-01
5.562248508068288189e-01
5.464581526764333841e-01
5.376943934786617696e-01
3.259320904730379498e-01
3.223385167634923998e-01
3.192808235887417689e-01
3.167415055865083207e-01
3.147008541927258096e-01
1.890559092433544419e-01
1.845084943082929418e-01
1.807126676491895290e-01
1.776311985310438102e-01
1.752237414002476013e-01
1.734468120563590066e-01
1.722537907494544329e-01
1.366021343363389429e-01
1.358454545236019440e-01
1.664412419203305238e-01
1.662977025450999291e-01
1.663122515537757418e-01
1.664441935728618871e-01
1.666519574945323212e-01
2.100549224054762687e-01
2.862918452629515942e-01
8.311364269160588236e-01
8.371529395995515044e-01
8.429155099119488570e-01
8.483537050752979480e-01
8.533992050510129657e-01
8.579861814987438384e-01
7.159354795992203258e-01
7.187079855680197360e-01
4.539917415275391832e-01
4.554791259942867487e-01
4.570795240378429103e-01
4.588444811024579018e-01
4.608252963556684345e-01
2.840293688342015455e-01
2.853762921423403376e-01
2.870362847522702210e-01
2.890471161444375103e-01
7.727790997343235713e-01
5.357224269551073004e-01
5.406629620981769913e-01
5.462706294990540279e-01
5.484896736544163653e-01
8.623585942919402836e-01
8.729510401092743788e-01
5.697678881858805333e-01
5.542197317391744926e-01
5.374978395584277813e-01
3.247823972801294756e-01
3.035730281180033518e-01
2.811086786844159136e-01
2.573976766764782265e-01
2.324539894584499167e-01
6.147126601642677324e-01
5.866935699729838305e-01
5.573421681276861106e-01
5.266991663333172591e-01
3.839585320124238588e-01
3.454938947554842543e-01
3.057578379398273039e-01
2.648360874540506837e-01
2.228205412396449536e-01
1.798089044518162427e-01
1.359042667262984894e-01
9.121462259392634775e-02
5.450487437078671560e-01
1.058269919032838846e+00
1.024200209275901274e+00
9.896622911023411628e-01
9.547514836345427636e-01
9.195655993562713570e-01
1.095385439498771429e+00
1.109988947426507666e+00
6.745285535450376013e-01
6.473731917038858530e-01
6.203526307570403908e-01
3.870609728565422292e-01
9.380686568560462346e-01
9.088560682424805526e-01
8.801553531555670329e-01
8.520439731048898846e-01
6.295535149099744654e-01
6.017749292139129569e-01
5.747923811639175096e-01
5.486606661014570285e-01
5.234287155880291698e-01
3.978247422422106494e-01
2.427124112697693625e-01
2.196577863735728608e-01
1.370435901972389126e-01
1.212409187727241378e-01
1.061993979440830904e-01
9.191839944429595899e-02
5.653911956431251912e-02
2.413834521714013359e-01
2.301677911437672586e-01
2.197403141611230792e-01
2.100914853148693195e-01
1.330111195379607147e-01
1.288287932349517495e-01
1.250590715183184931e-01
1.216891067857158032e-01
1.187056577450680689e-01
1.160951146114747173e-01
1.138434727537688262e-01
1.119362611716844119e-01
1.103584338498792977e-01
1.090942333219273863e-01
1.093232730237352901e-01
1.150957086687399294e-01
2.816422643333533760e-01
2.885324238011018894e-01
2.954859810492559413e-01
3.024595566476998565e-01
3.094101850589099367e-01
3.155342154050086445e-01
3.993654800743909883e-01
4.034560105239003436e-01
8.348448738167032479e-01
8.325221305473009537e-01
8.298938258197472440e-01
8.270213969032134127e-01
8.239705017527251263e-01
7.818449434496722583e-01
7.727448105024484759e-01
8.812750980874296536e-01
8.865474613994648312e-01
5.536639482977468996e-01
5.555422170953058236e-01
5.568234907383172727e-01
5.574505531055070628e-01
9.888981150381871421e-01
9.907927001979681680e-01
7.025352477031462373e-01
7.022114729290261925e-01
5.799398156041103425e-01
5.780803460830055140e-01
5.774635394226923513e-01
5.781431936185157383e-01
4.580984289324204206e-01
4.610117779249087167e-01
3.791882722185837551e-01
3.842421266660038803e-01
3.908497511360051191e-01
5.304088783558974507e-01
5.402736426173242457e-01
5.514561214422097901e-01
3.500547681988090964e-01
2.118444196440627536e-01
2.268985882645901397e-01
1.448958879538397304e-01
1.628247330341312527e-01
4.385244966525383425e-01
4.585353415546916112e-01
4.798575472882821158e-01
5.024552232177630362e-01
5.262869888938166429e-01
5.513059366010002460e-01
5.774596369537241536e-01
9.381623072064726454e-01
5.732219479918596594e-01
3.792927883540504475e-01
2.297487135139058279e-01
4.655061827418651710e-01
5.498276382048031818e-01
3.392794474980061481e-01
6.889025818049139271e-01
8.291913690764590728e-01
8.521762032443462864e-01
8.425851516387029561e-01
8.204287202838862481e-01
9.380967113446324612e-01
9.682144227129727554e-01
9.981754197151037067e-01
8.865494140472183204e-01
8.500656725681557946e-01
8.138606244794840405e-01
7.780325874039883960e-01
5.749258773793031185e-01
5.464119444873041243e-01
3.324282596338021256e-01
2.182082921034636247e-01
1.957878552570549990e-01
1.739341397203059136e-01
2.662733928153297458e-01
2.405361259742943569e-01
2.156796197810637306e-01
1.352957799783111315e-01
1.118027988811194917e-01
8.929548700697315100e-02
6.779066575890904667e-02
4.729996500531542108e-02
2.783023635563543555e-02
1.972901334085724045e-01
1.777262217283498424e-01
1.594782228541838098e-01
1.425443200830798507e-01
7.139999052258599876e-01
7.028412504551242446e-01
8.077241327349976574e-01
1.146435553105224603e+00
1.142663947088274234e+00
1.140319522768381333e+00
1.004269065829996199e+00
9.983084936458778147e-01
9.193200874600333528e-01
9.068183200794059928e-01
5.529060222082597953e-01
5.351557120913463805e-01
1.184652203322435815e+00
1.193155972937547604e+00
1.202735609063564137e+00
1.213320640502176584e+00
1.224835754574609137e+00
1.237200903799326124e+00
1.095239056335545857e+00
1.109143531796590976e+00
1.059478162470416596e+00
1.037001865006469403e+00
1.014375873622306301e+00
9.770224525083868183e-01
9.883570670185513052e-01
8.765755457747129720e-01
8.921824435301415335e-01
9.008994491842096108e-01
8.806180376657882780e-01
8.613468687341979679e-01
8.431611386853540280e-01
8.210622486912569906e-01
8.326854838834752970e-01
8.433953923626023030e-01
8.530688262680222733e-01
8.615849635479151392e-01
8.688263405198666245e-01
1.064452545982266685e+00
1.059770274987575034e+00
7.461868561467459582e-01
7.420250557986819429e-01
7.395735147423604383e-01
7.388723226398571375e-01
7.399555472602871165e-01
7.428512142653072026e-01
7.475813088916475335e-01
7.541618030586970667e-01
8.959027231713666550e-01
9.061084175961043874e-01
9.179552973703987151e-01
9.314329454426240051e-01
9.465279500818073455e-01
9.632244323116430085e-01
9.815046459342424701e-01
9.570185921246576743e-01
9.293633388900577330e-01
8.998949254767723005e-01
8.687121836624714932e-01
8.359211392957370812e-01
8.016333927082419653e-01
1.069405912016450744e+00
1.031213639562696960e+00
9.917037518086179171e-01
9.509951638030638144e-01
8.319821707705549185e-01
8.689058931050060997e-01
9.069263465172178185e-01
5.475671283567836722e-01
3.382684821881892789e-01
3.748821850609046491e-01
4.121325038935466090e-01
8.732117861427088901e-01
9.123033337824238975e-01
9.518423545406914377e-01
9.917469421691367248e-01
1.031931745268823697e+00
9.891038898297183080e-01
9.467780529058790195e-01
9.050777866860694187e-01
8.640818161664693964e-01
8.238639554186658609e-01
7.844938893560627902e-01
6.134882968686370397e-01
5.874291709621873858e-01
5.622280332434185235e-01
5.378952286202343114e-01
6.626819631801585953e-01
6.873043167554250266e-01
7.107297860639719689e-01
6.014230369411998067e-01
7.968142586018802653e-01
4.910698182526487265e-01
4.620936583463018388e-01
4.346448326120222472e-01
4.087605862826029224e-01
3.844725284058119197e-01
3.618066054704872081e-01
5.264731632124746152e-01
5.109933077976219762e-01
4.971221399092469739e-01
4.848692028114099384e-01
4.742379404879234484e-01
4.652255592491897351e-01
4.578229171105338557e-01
4.520144436201534721e-01
4.477780933312781042e-01
4.450853363880244440e-01
4.439011896178652883e-01
4.441842910162567271e-01
2.717760852502409952e-01
8.820594913167819628e-01
8.868833790755979996e-01
8.929605329926245672e-01
9.002244544082202982e-01
9.086032704025206463e-01
9.212479311539172322e-01
6.616822379998004156e-01
4.075358562117083472e-01
4.169095618713954399e-01
4.269183707064433952e-01
3.348610014081700448e-01
1.050304315856367632e+00
1.096028899490503861e+00
1.073464122668660981e+00
8.924422281530784984e-01
9.053651476511619389e-01
9.181540958151699350e-01
9.306898610174807462e-01
1.079486070168109713e+00
1.089279415601951406e+00
6.671262394672652363e-01
6.751276244772977941e-01
6.822552545329663154e-01
9.492024620638139787e-01
9.565285447843030475e-01
9.626788461320543444e-01
9.675511160025265234e-01
9.710480707062966177e-01
9.730779502036587258e-01
9.735550368428602663e-01
9.243737485788128261e-01
9.202811022560540843e-01
9.144665298927691088e-01
9.068769931647823190e-01
8.974666115913817466e-01
8.861968094712316946e-01
8.730364357176636503e-01
8.579618597838898353e-01
8.409570459301699552e-01
8.220136069043516569e-01
8.011308368106426769e-01
7.783157216713924020e-01
7.535829250891730169e-01
7.269547456274967345e-01
6.984610421600204733e-01
6.681391235652300864e-01
4.036983582593808295e-01
4.956041546384554186e-01
4.629028655862275632e-01
4.286232341245653221e-01
3.928345377552789341e-01
7.977933505375526257e-01
7.627570237159283506e-01
1.247011539585683337e+00
1.267163483931700307e+00
1.229346236427735439e+00
1.190580287582766683e+00
1.150971193464555231e+00
1.110626340777865595e+00
1.069654441692668101e+00
1.028165067384170461e+00
9.862682203465154007e-01
6.034802422194170957e-01
7.376391982710560624e-01
6.971952600276338785e-01
6.567834146403500606e-01
4.007468137723045332e-01
3.628295430462880611e-01
6.477890482681990525e-01
6.077063335637532537e-01
4.769012298847252196e-01
2.955006850327123180e-01
2.551812946854896680e-01
2.156826769746321149e-01
1.770916021812810603e-01
1.394904143465626467e-01
5.293593330187447155e-01
4.970682527959376928e-01
4.659266426259757732e-01
4.359954218071105947e-01
5.159770157619811837e-01
4.892131201719835953e-01
4.637739702060175717e-01
4.183525759513546105e-01
3.001336693263146338e-01
2.782834095718951239e-01
2.578348166334175628e-01
7.175961223563375180e-01
7.030839474419126045e-01
6.900523372552310741e-01
6.785073407699889758e-01
6.684503946264463980e-01
6.598782936527943788e-01
6.527831367774814542e-01
4.655697778920130370e-01
4.597282519343434126e-01
4.552174062088490403e-01
7.203360490979527908e-01
4.370386303750614654e-01
1.165978451812736960e+00
1.171162465786616647e+00
1.177517753588933624e+00
1.184988860463636495e+00
1.193515570919576163e+00
9.641623065629131295e-01
1.168084607861511914e+00
9.208421643978380589e-01
1.290943348893127451e+00
1.273299961570926842e+00
1.254916767753716078e+00
1.235918232707099662e+00
8.553842500376833691e-01
8.367876727677538984e-01
8.179007403489815253e-01
5.020050215645814884e-01
4.839583714835887784e-01
4.659350074993040547e-01
4.480563712937766785e-01
4.304441431126151407e-01
4.132193188257354821e-01
3.965013306067431409e-01
3.030463571385359489e-01
2.907827832991773387e-01
2.791851338755440559e-01
2.683523229225583950e-01
2.583790322633984227e-01
2.493551465260526734e-01
2.413652716714901336e-01
2.344883363073736460e-01
2.287972730634583729e-01
2.243587754915238874e-01
1.820930048493731856e-01
1.801166793650474107e-01
1.795577007578817164e-01
4.497900521421593356e-01
4.537469064319770706e-01
4.591737356417143756e-01
4.660939749360595297e-01
4.745246020779223528e-01
4.844761689372834579e-01
4.959528334032617947e-01
4.761020823575610184e-01
4.911569524486792404e-01
5.079019128847266362e-01
5.263134796881998589e-01
5.463617646239615766e-01
5.680105311312375616e-01
5.912172596498216359e-01
6.159332273891995335e-01
6.421036078742657915e-01
6.696675956315032430e-01
6.985585611757426650e-01
7.287042410509128043e-01
7.494447948372843227e-01
7.802228197183851410e-01
1.255398157516306901e+00
1.140924489172534750e+00
1.099654029213739559e+00
8.171388970255902828e-01
8.556124798377089391e-01
8.947585380456873905e-01
5.466785473285286079e-01
5.841717044503513812e-01
6.219642822229547452e-01
6.599384043053480031e-01
6.979754007945769834e-01
7.359562753752713071e-01
7.737621977645507965e-01
8.112750180728462990e-01
8.483777976628521511e-01
8.849553491989918808e-01
9.208947770198281368e-01
9.560860078987989397e-01
1.320395021759467546e+00
1.287036159355122500e+00
1.254638646438297256e+00
8.067449223617659815e-01
4.870809860618142140e-01
4.532037576777817600e-01
4.206209695461102793e-01
3.893905910558730921e-01
3.595653381934131310e-01
3.311925903504779889e-01
3.043143370205531606e-01
2.789671506735988959e-01
2.551821806107202328e-01
2.329851614915023628e-01
2.123964295849769812e-01
1.934309396703032258e-01
1.760982759165463096e-01
1.604026509764959474e-01
1.062584215682528116e-01
9.253821004003841277e-02
8.026989790602782893e-02
6.943359998560420798e-02
6.000498179787435576e-02
5.195518850720430570e-02
4.206189258092479233e-01
4.189226105297468861e-01
4.186097917878184860e-01
3.898650312983821253e-01
3.900619278224057851e-01
3.913383311561492439e-01
3.936333782232777634e-01
3.968810750296155598e-01
4.010103355949694581e-01
4.059450758994821995e-01
4.116043667823164331e-01
4.179026478989240068e-01
4.247500029985326053e-01
4.320524950029954736e-01
4.397125577180853728e-01
2.642334470911367195e-01
2.711044182201599040e-01
2.780205198664961741e-01
9.909574242507220854e-01
1.000671716907498343e+00
1.010081760012962571e+00
8.003692705068271573e-01
8.095132007212916259e-01
8.180444802308931562e-01
8.258544005116722486e-01
8.328367001879597442e-01
8.388881153442180327e-01
8.439089015449531272e-01
8.478033225801480111e-01
8.504801019170851184e-01
8.518528339820128359e-01
8.518403536703460510e-01
8.503670638257367909e-01
8.473632217550609580e-01
8.427651870688601665e-01
1.154246994014163974e+00
1.158612437725506261e+00
1.164655601592370360e+00
1.172413059774610522e+00
7.771515073193788758e-01
7.621319125281215134e-01
7.451421867627952000e-01
7.261748900850891753e-01
8.455036456556969116e-01
8.234893390921926848e-01
7.997295769052038539e-01
7.742381282473272952e-01
7.470353375126469464e-01
1.193246589634870070e+00
1.047021971945002239e+00
1.015538145336858156e+00
9.823591439118192215e-01
9.475556957888151555e-01
9.112048350678417785e-01
8.733893942571760993e-01
8.341974654610861961e-01
7.937218421844591809e-01
7.520594548603769525e-01
7.523136839813642229e-01
7.105244861323666283e-01
4.310874873239657901e-01
3.850412119833996893e-01
3.383190476114455447e-01
1.021902315688566487e+00
9.784860759918366790e-01
9.653028724183745357e-01
9.240699819929809600e-01
8.827165290340834858e-01
8.413538237914980344e-01
8.000923361818300661e-01
7.590410223934728196e-01
1.241183708892760640e+00
1.279492068440039931e+00
1.193718601254743605e+00
1.055442233157332987e+00
1.086141410941096064e+00
1.116093085745786251e+00
8.864157505268235315e-01
8.557781170545222249e-01
8.260891637030595147e-01
7.974092943114716725e-01
7.697931601682963532e-01
7.432896329144895731e-01
7.179418424087617989e-01
6.937872730346551498e-01
6.708579103025551493e-01
6.491804282350446265e-01
6.287764069861798699e-01
6.096625694875209556e-01
5.918510256736527753e-01
6.583245670945359063e-01
6.423124853787027799e-01
6.277858148560839791e-01
6.147455790295861533e-01
6.031883661496894034e-01
5.931063463226596832e-01
5.844872558335729718e-01
5.773143496499879568e-01
7.790496737147130091e-01
7.760425193669046040e-01
7.742725275230424309e-01
7.737031220319601221e-01
7.742933094184238918e-01
7.759975856416641005e-01
7.787658536428451184e-01
7.825433606534505371e-01
7.872706638548016000e-01
7.928836322552291760e-01
7.993134916269408752e-01
8.064869180725915410e-01
8.143261843334222982e-01
8.227493613723865229e-01
8.316705761327168878e-01
8.410003247471247168e-01
8.506458389105582274e-01
8.605115016767542757e-01
8.704993076323814805e-01
8.805093612697170169e-01
8.904404064387226869e-01
9.001903790251294391e-01
9.096569744821882963e-01
7.476650543005149974e-01
1.066755859367685577e+00
1.075200523041939249e+00
1.082960815256334364e+00
1.255796742072806893e+00
1.245347928651693303e+00
8.287251469355511047e-01
5.041844731081376318e-01
5.069850129264237282e-01
5.084213014379278528e-01
6.361432580335645293e-01
6.335629511684639503e-01
6.294467063825662789e-01
6.237310386828227582e-01
6.163588339485978063e-01
6.072795364017347097e-01
5.964493095562330982e-01
3.708963865114394132e-01
3.557022882064742597e-01
3.386022796674048596e-01
3.195809300593050462e-01
2.986304361635585547e-01
2.757506299295098273e-01
2.509489602080665627e-01
2.242404495387903263e-01
1.956476270358346037e-01
1.652004387829698606e-01
6.748724282388413043e-01
4.203995510071960040e-01
1.076640423540293101e+00
1.048351858659654079e+00
1.018537837931214440e+00
9.872745680056637108e-01
9.546427084065256530e-01
9.207266203906060431e-01
8.856136674964963929e-01
8.493935873693410077e-01
8.121579506910134860e-01
7.739997181084514732e-01
7.350129001808322071e-01
4.682774043093377303e-01
4.240420050643008421e-01
3.792790922262435638e-01
3.341013023986308395e-01
2.886224645482580731e-01
2.429571818371156489e-01
1.972203825958114554e-01
6.378744178582967939e-01
5.960045173762305026e-01
1.149855836501432860e+00
1.180265245615274461e+00
7.108877065243189852e-01
7.303861673320528602e-01
7.494105729236986146e-01
7.679417737715057424e-01
7.859670264633707992e-01
8.034797192260897392e-01
5.932039185844103502e-01
6.991084415576245270e-01
5.533276217696211363e-01
5.389410591282248753e-01
6.680726515911777907e-01
6.803019841604849294e-01
6.921721071570182682e-01
7.037051319639709979e-01
7.149219610479479181e-01
7.258414252662512833e-01
7.364794962677505552e-01
8.755621636976457234e-01
8.619454651705032999e-01
8.496374153233844373e-01
7.691033135880324112e-01
7.574244682125103045e-01
7.471407984016193993e-01
9.983527785007410005e-01
1.005087097789253647e+00
1.010875705686498538e+00
1.015708452866296296e+00
1.019576678192060326e+00
6.182025854226524952e-01
7.314421214971668084e-01
7.372685056602135134e-01
7.426386592064092573e-01
8.318910356882683876e-01
9.076873569024297428e-01
9.157933139854810278e-01
9.245163133326801397e-01
9.337894224212897054e-01
1.016092153475947946e+00
1.025596603951093533e+00
1.035569355875104902e+00
1.045928316132847868e+00
1.056588760147677997e+00
1.067463704521647738e+00
1.078464321447313523e+00
1.089500389677957148e+00
1.100480775557534541e+00
1.111313936508799838e+00
1.121908438492940752e+00
1.132173478318329041e+00
1.142019401317607930e+00
8.454488871879016765e-01
8.521095488801113671e-01
8.581249214244156542e-01
8.634110493127020725e-01
8.678869501645870566e-01
8.714749765941691706e-01
8.741011298219001358e-01
5.342568732725856417e-01
8.832150458096967860e-01
8.824198642696438055e-01
8.804938208279214917e-01
8.773911700383814072e-01
8.730701566311296347e-01
8.674929853693785775e-01
8.606257884853443230e-01
8.524386010938671543e-01
8.429053543342949206e-01
8.320038948320768180e-01
8.197160374444946163e-01
8.060276562284985902e-01
7.909288162332419603e-01
7.744139461838545069e-01
7.564820495060395888e-01
7.371369485681311673e-01
1.001283249986755441e+00
1.019575999593806070e+00
1.038950847387061227e+00
1.052310384495251716e+00
1.033276105543442736e+00
1.013140342898828150e+00
9.919256126328095391e-01
9.696596151104452943e-01
9.463755674161264952e-01
9.327449376414903570e-01
9.622836804485740414e-01
9.927248447882547344e-01
1.023984628491812376e+00
6.165527611674610498e-01
6.443478230225916370e-01
6.726266908736802108e-01
7.013035564425417201e-01
7.302912884224834755e-01
7.595021307610224648e-01
7.888484312885627459e-01
8.182433882604053244e-01
8.476018009445669410e-01
8.768408092670352261e-01
9.058806067768720993e-01
8.952531642582370885e-01
8.696275068499129679e-01
8.442641113615427795e-01
8.192416854681199290e-01
7.946360468002481303e-01
7.705195224952068322e-01
7.469604158474157929e-01
4.647944411826848699e-01
4.348098239187182523e-01
4.057044226203215254e-01
2.733450488102538989e-01
2.503696508755471339e-01
2.282496400649402790e-01
2.070085942494589992e-01
1.866644293895722007e-01
1.672297645751418538e-01
1.487123444429199748e-01
1.311155029595623134e-01
1.144386517518584667e-01
9.867777591678869586e-02
8.382592056366094946e-02
6.987365221920940894e-02
5.680948063320149372e-02
4.462022840572246046e-02
3.329133814860433388e-02
2.280710950771443549e-02
1.315086121309945802e-02
4.305016285107688377e-03
-9.783411394906231795e-01
