3.856519355709319141e-01
3.779638461293792218e-01
3.714663467357480209e-01
7.890968825051366542e-01
7.862277052655129994e-01
7.815627462937285719e-01
7.751750626815971934e-01
7.671498829736806968e-01
7.575835180360973586e-01
7.465820572629232599e-01
7.342598724251235831e-01
7.207379616769465924e-01
4.918053336367758654e-01
3.039589114321610275e-01
2.851037553174329275e-01
7.592614951871973217e-01
7.437388507911294466e-01
7.273005170307798029e-01
7.100527172684996113e-01
6.921065999473956509e-01
6.735775329823777691e-01
6.545843580250269023e-01
1.139875684508369735e+00
1.122056786775525117e+00
1.202989254782950601e+00
1.163420605886438253e+00
1.145616652981171102e+00
1.128246061650405752e+00
1.111426629254399945e+00
1.095271685200066569e+00
1.079889809244390930e+00
1.065384615072279662e+00
1.051854587189360091e+00
7.473461692693940117e-01
7.512486463224751221e-01
7.540554388253645213e-01
4.579234272965507779e-01
4.585018544277712493e-01
4.576442732223205412e-01
4.552677541769847847e-01
4.512956109295164220e-01
4.456576774752223358e-01
4.382905420747693070e-01
2.646862800522716830e-01
2.510226854476226288e-01
2.356656634077634316e-01
2.185839594769405370e-01
2.964247649876332602e-01
6.322260080745824018e-01
7.424982098767914929e-01
7.272996587986907402e-01
7.111032782557750176e-01
6.938811371385908977e-01
6.756058668858814231e-01
6.562514024060076556e-01
6.357937973013145783e-01
6.142120904820195237e-01
5.914891991066756338e-01
5.676128114825811366e-01
8.945562564044808873e-01
8.676695824326625672e-01
8.395446770525418767e-01
8.101983106093242348e-01
7.796551718423456734e-01
9.482651603857031875e-01
9.216323943903755866e-01
8.939686581548724753e-01
8.653102879297291938e-01
8.357025797517011467e-01
8.051996240467378385e-01
7.738639764248237407e-01
7.417661745115430305e-01
7.089841142890698222e-01
4.633557607715679261e-01
4.420700123092293765e-01
7.157447665493942290e-01
7.403019051894087488e-01
8.230129361112854536e-01
8.541238432499748123e-01
8.367183469104637616e-01
8.079366373061884765e-01
7.791344379288137612e-01
1.207506834909661153e+00
1.198332708410994041e+00
1.167709947966806050e+00
1.137588151541802484e+00
1.108056504457045399e+00
1.079200042153799721e+00
1.007970524555543701e+00
6.281649584088028204e-01
5.956925573301388166e-01
4.384767106097017808e-01
4.091278709982489326e-01
3.809701554588271200e-01
3.540477383082086815e-01
9.139644437282495870e-01
5.572310301343047501e-01
5.342438435132909058e-01
5.127561448088041596e-01
4.927816436142996026e-01
4.743278763389946473e-01
4.573962873465925449e-01
4.419823046557016522e-01
4.280754076807730124e-01
4.156591858655225291e-01
4.047113884871845202e-01
3.952039673190634317e-01
3.871031151592853603e-01
3.803693043977611765e-01
3.749573307416071977e-01
3.708163679038716243e-01
3.678900394481455782e-01
3.661165140554045183e-01
5.600997872716836357e-01
5.615109063132895928e-01
5.638560463548065727e-01
5.670532782596849897e-01
5.710161852058981413e-01
5.756542015661033629e-01
5.808729990815256761e-01
5.865749186176087981e-01
3.731500788678503988e-01
3.794883643177704435e-01
3.860261024707496991e-01
1.150388328537294003e+00
7.971308689973408690e-01
7.870014828952275332e-01
7.770209159681844557e-01
5.291420764662190246e-01
4.120411383735679833e-01
4.030275404543705031e-01
3.944980769626597050e-01
3.865349265444158466e-01
3.792169893711456741e-01
3.726195192917801102e-01
9.684213687159406447e-01
9.647149711382209114e-01
9.621136574433761801e-01
9.606885857859067679e-01
9.605062785604954190e-01
9.616285418307845001e-01
9.641124108898830869e-01
1.193836117416801290e+00
1.200586674419267030e+00
1.208818087075131276e+00
1.218570221906758899e+00
7.319569805358987491e-01
4.532108157631858925e-01
4.354623713963298726e-01
4.163023670171816515e-01
3.957145226755074408e-01
5.288039647750152339e-01
5.059533540392292528e-01
4.816260027853724868e-01
4.558211597554740480e-01
5.544270899311942724e-01
5.235378275616553445e-01
4.910052846902074886e-01
4.568661340906191026e-01
4.211641500491000722e-01
3.839503163698478883e-01
3.452828706743484299e-01
3.052272787661272080e-01
1.070459037661377621e+00
1.039716667396201055e+00
1.007868219832687817e+00
9.749667849259301411e-01
7.742902500426593893e-01
8.054260757671882764e-01
5.070763623368939044e-01
5.398983077092982530e-01
6.649565590282611183e-01
6.956540258184786829e-01
7.266464808136658959e-01
7.578468532895941134e-01
7.891674463129392247e-01
8.205206743347482901e-01
8.518198009896069678e-01
8.829796618395197028e-01
9.139173569244090078e-01
9.445528985056285132e-01
9.748098003194515249e-01
1.142906334438175131e+00
1.111501870426937488e+00
1.031827936999017981e+00
1.064837050095022830e+00
6.398589747071316003e-01
6.690887263627489645e-01
6.972485023832791784e-01
4.459922526292140477e-01
4.704998006519147125e-01
4.937164210760828786e-01
5.155889911608828591e-01
1.162306557586609168e+00
9.210836407141175242e-01
9.409711016606325806e-01
9.591073822590725495e-01
7.525468667825619962e-01
6.429106723110017407e-01
4.009901736872736322e-01
4.093525535512538838e-01
4.161131581788942713e-01
2.604173528806634219e-01
2.624691333529758364e-01
2.628315204692624474e-01
2.615315828547687960e-01
2.586037450652955427e-01
5.756462701159368311e-01
7.463621520886037919e-01
7.415004171588706061e-01
7.352046227472184281e-01
7.275503782690592169e-01
7.186198721506338316e-01
7.085014399378261052e-01
6.972890810962358854e-01
6.850819308828055565e-01
6.719836947949069383e-01
4.782257725790111103e-01
4.615522301083352374e-01
4.443809085367728673e-01
4.268236008180505414e-01
4.089925031261886779e-01
3.909999229530891629e-01
3.729580163004416193e-01
3.549785376033770534e-01
3.371725860136660646e-01
3.196503332729294100e-01
3.025207214325246197e-01
1.965248003768995388e-01
7.668313195625218182e-01
7.555793850342491513e-01
7.451339012658765304e-01
7.355847772068322410e-01
7.270176770198756300e-01
7.195137982565450452e-01
7.131496741769901559e-01
7.079970021496954091e-01
7.041224995059832681e-01
4.725209582495885074e-01
4.703014878131450138e-01
3.211317000590444559e-01
1.033557863159309864e+00
1.039540864489874927e+00
1.047045720407188796e+00
1.056103764071109730e+00
1.066741403361303409e+00
1.078980096682401024e+00
1.092836329461763567e+00
1.108321592652544707e+00
1.125446768374882556e+00
8.380968118073731654e-01
5.434050385760688107e-01
3.689753267121708702e-01
8.172663758842318993e-01
7.865457077084697657e-01
7.538726671672580926e-01
7.192999411078399019e-01
6.828882017543980165e-01
6.447057579494823720e-01
6.048280751185409754e-01
5.633371585564445061e-01
5.203208028552145370e-01
7.742599479191540901e-01
7.295375518789781744e-01
5.746414825574992502e-01
5.285880417168686840e-01
3.363675497190519170e-01
2.863135503695994899e-01
2.354366209244400376e-01
1.838392002974430506e-01
1.316215171514683313e-01
7.888123322875162380e-02
2.571333163042256384e-02
3.432079711162546176e-01
2.907943333405406672e-01
2.383388670206586513e-01
1.859455447236984804e-01
1.337156747142534408e-01
8.174823804505983171e-02
3.014028921568534178e-02
-1.175850693031724514e+00
