3.856519355709319141e-01
3.779638461293792218e-01
3.714663467357480209e-01
6.391880463081107688e-01
6.348737659637798680e-01
3.980657173726609432e-01
3.962357099811693595e-01
3.955768321015214473e-01
3.960659444880256230e-01
3.976777159714091625e-01
4.531084873217612330e-01
4.565811366167801255e-01
4.613668011812424030e-01
2.796107682624755508e-01
2.851459170010164357e-01
1.835517364811966312e-01
4.363468940005866270e-01
4.456955927516605964e-01
4.558791860669276774e-01
4.668663285597805523e-01
4.786235406361274425e-01
3.005810556390396404e-01
3.125384826212735390e-01
7.602959263651571931e-01
8.272720187932401936e-01
7.456317034491946050e-01
7.572157766104379295e-01
7.685620049884039906e-01
4.767649815182309347e-01
8.429356415202683417e-01
8.471991167275867429e-01
8.507539153831094048e-01
8.535085707070464434e-01
8.553760304073898535e-01
6.598411323282871166e-01
6.571759207503579114e-01
9.452639028071702088e-01
8.020454480005700937e-01
8.032914889637552402e-01
7.328153197176120459e-01
6.944725589350413397e-01
7.006138225405134090e-01
4.333005409179549461e-01
4.240787931808007172e-01
6.719555122981434314e-01
5.781107912324169318e-01
5.670907164410051715e-01
5.682456077874177280e-01
6.259632709941151951e-01
7.920666153927083952e-01
5.507431909949730420e-01
5.630174252664633672e-01
5.765078571668986740e-01
5.912318870723566322e-01
3.742577394580992034e-01
3.711194380033445706e-01
3.677538136733448093e-01
2.215051328115127671e-01
2.074853562272958307e-01
1.926879098187995742e-01
1.770840075944478120e-01
1.606519612324665280e-01
1.433780770127881521e-01
1.252574170589866587e-01
1.062944046772157924e-01
8.650325755371075787e-02
6.590823695211225908e-02
4.454370569247721040e-02
2.245399244726038746e-02
3.066120114324025897e-02
2.249121573376217445e-02
1.511244230224351691e-02
7.110287484353883247e-03
4.694248018130084930e-03
9.004834383564468137e-03
1.244145580297074949e-02
1.503732405686008730e-02
1.683432174902439390e-02
5.522046370558901518e-02
4.947113263755114482e-02
2.928983545164587365e-01
2.814094529422928592e-01
2.101578704377332907e-01
5.881231963023008102e-01
4.435098005870748983e-01
4.211018681520025120e-01
3.988655018293127408e-01
2.609244902061916282e-01
3.466236712936497377e-01
3.218660751449988200e-01
2.043344857113984503e-01
1.254869357963419307e-01
7.624553664444197465e-02
7.166417683372834635e-02
6.707792313468867451e-02
6.811579752676935606e-02
6.216125206837242595e-02
5.638040547404185587e-02
5.079643667814540131e-02
3.170879393113527900e-02
3.574486695819658610e-01
7.532865785682159032e-01
7.626805121050906910e-01
4.634433990967258832e-01
5.818027783834628375e-01
3.658808389858480559e-01
9.574497922727230881e-01
9.519993863030876691e-01
9.476426281029578513e-01
9.443372501588706003e-01
9.420356305437979083e-01
9.406849860479052916e-01
7.742142079205487359e-01
4.649267403261685971e-01
4.656859651436831560e-01
4.664903632868500627e-01
4.673046854789454918e-01
4.680938220620416979e-01
4.688232838209880349e-01
4.694596944481750356e-01
4.699712868572484270e-01
4.703283940249992079e-01
4.705039236878423847e-01
4.704738051245810904e-01
6.537378211582364207e-01
6.501299357463387052e-01
7.004703143820629752e-01
7.011908698666050599e-01
7.016071688197094147e-01
9.195587276679102473e-01
5.649314499754952701e-01
5.451689762979279319e-01
5.425255865818982004e-01
8.292704314625760631e-01
9.450583167629935666e-01
9.422271947247726764e-01
1.006675453242134255e+00
9.053976931146017204e-01
9.057195946905590711e-01
5.445211045652800230e-01
1.045072367352030351e+00
9.240040202564835381e-01
1.002784980265892134e+00
1.009261553427120095e+00
6.194760038842748173e-01
6.096268384545326935e-01
7.967313193982666908e-01
7.868590551015380852e-01
7.763996889595916606e-01
7.653252512024145693e-01
7.536042698399881834e-01
7.412022085721697851e-01
7.280820577458753107e-01
6.296554462966236221e-01
6.196415669726469400e-01
6.090666757916417540e-01
4.688900766062393810e-01
4.851811582795627631e-01
5.025451027477269017e-01
5.209730933984361156e-01
8.768854814680456800e-01
9.044723926764473010e-01
9.332480440928525578e-01
5.600191671094214563e-01
5.312105342542914332e-01
5.012973802811057089e-01
9.419614576712778131e-01
9.144916491343455522e-01
1.057343999742111018e+00
1.094455980898118463e+00
1.132253137410122790e+00
7.906340367797913826e-01
8.300236833274809989e-01
8.698628636434598826e-01
1.031569042264362634e+00
1.069829383911285570e+00
6.473449208417350054e-01
6.846210465388382627e-01
4.841851043827697931e-01
5.202733635152566594e-01
3.220213927064572434e-01
3.575791263305884149e-01
3.925921214843372531e-01
8.257498087252418406e-01
8.597499936681859412e-01
8.929862522305159755e-01
9.253746038542532970e-01
5.552478649042034142e-01
4.038728349709556076e-01
4.285890194818489651e-01
4.522564935964456523e-01
4.748219289788194186e-01
4.962368928651553213e-01
5.164578728800293117e-01
1.012111450640786003e+00
1.029893524054624310e+00
1.046790905778196779e+00
1.057261168971449727e+00
1.044622238329108610e+00
1.033028476382522376e+00
6.223395283243873255e-01
6.079362291717600453e-01
1.165410518004183382e+00
7.657341615510586674e-01
7.549004672515596814e-01
7.454726301786375187e-01
7.374233429148777663e-01
7.307193336437211029e-01
1.257312267563468255e+00
1.258289773371766840e+00
1.257995113794210251e+00
7.572928880390261686e-01
7.582000706291670555e-01
7.602980540584342029e-01
7.635074553933400843e-01
7.677434425094925574e-01
7.729160161384707184e-01
1.094763971511160783e+00
1.106670915683136691e+00
1.119377254763834761e+00
1.132777419910421468e+00
1.146760994758952545e+00
1.099435719768445674e+00
1.083088421222672570e+00
7.452996129420413896e-01
7.267806125141067497e-01
7.086723048006146053e-01
6.910729621636145792e-01
4.280031682254542558e-01
4.091836418955045462e-01
3.910997191926717242e-01
3.738442132219230718e-01
4.892517496425022872e-01
3.983031146122154031e-01
4.322273314433575653e-01
4.309920334971470424e-01
4.302744069240343472e-01
4.300822133900273903e-01
3.165147976704261734e-01
2.129338041827477934e-01
2.070582445678721129e-01
2.026636678141418568e-01
1.997974760853218901e-01
3.914952131021757209e-01
3.934876876634788023e-01
3.971943581997368633e-01
4.026335098609880037e-01
4.098167798397529538e-01
1.041070451722348578e+00
6.301140072490435395e-01
6.420978176593731268e-01
6.555380361014805368e-01
6.704070779923578804e-01
6.866724274464134359e-01
7.042972181874013193e-01
9.707512197765885142e-01
9.376779342830809938e-01
9.027195426810376011e-01
8.659429492163556175e-01
5.247734395703775867e-01
3.156136509753629249e-01
1.909351828430823073e-01
1.468350654490728213e-01
1.014519384446121442e-01
5.486681587252276865e-02
7.158626422281933778e-03
1.507834826342581251e-02
-8.307395960809218494e-01
