3.856519355709319141e-01
6.262034809008670821e-01
5.766408736400471247e-01
5.689773161184050743e-01
4.853811361947111824e-01
4.801109752856006496e-01
4.764155203926760396e-01
4.049045762496747969e-01
4.012047843801306302e-01
3.990640118604517617e-01
3.984255420533845959e-01
3.992263061970330318e-01
7.826472832746846908e-01
9.379840270593168272e-01
9.473540440693987152e-01
9.412093241220326201e-01
9.226819009108278014e-01
5.613473637633826785e-01
5.398274275028489555e-01
6.899716358212838463e-01
6.686611970937020866e-01
9.207378986945182753e-01
1.036388265393136665e+00
1.048800263784972264e+00
1.045190671424171436e+00
1.027477007868106806e+00
1.009992896175884614e+00
9.928612201265464288e-01
6.543227545137433321e-01
6.393781047118878291e-01
6.249929995110792280e-01
6.112764644214968568e-01
5.983339252632486893e-01
5.862667133412886589e-01
5.751716326402382951e-01
5.651405903003285935e-01
5.562602903480415861e-01
5.486119893602183772e-01
5.422713114434069004e-01
5.373081186334428550e-01
5.337864316031147860e-01
5.317643944615384477e-01
5.528818113549899271e-01
3.759842627097623735e-01
1.012340031768024895e+00
6.174741705180323281e-01
6.240244231553178089e-01
6.322772657029128718e-01
6.422519148929796140e-01
7.958540653407615295e-01
8.101602643506253809e-01
8.262293799070877798e-01
8.440585347159266227e-01
8.636391848542215310e-01
8.849570740138363867e-01
1.039111996290675854e+00
1.063461436789278070e+00
8.783743004196048476e-01
1.088033163174227047e+00
1.063282058655943052e+00
6.485893570376650707e-01
6.194694115251485611e-01
5.271905604288094072e-01
1.016131062718948819e+00
9.438880650547312179e-01
9.757521388709703425e-01
6.038060680370984645e-01
5.793916377068880630e-01
5.542576290972134334e-01
5.284619998433107702e-01
5.020692022349104722e-01
4.751496312002057576e-01
4.477789519776297356e-01
4.200373222139427432e-01
7.091953126809787955e-01
6.861037447571740611e-01
6.627607805565842725e-01
6.392433332107837485e-01
6.156298518565804789e-01
8.821198374264910269e-01
9.072019377075910551e-01
9.318993073659840309e-01
9.561622888201888326e-01
9.799467496805441824e-01
1.098702708328034516e+00
1.127746164972168064e+00
1.156025682476067518e+00
1.183491937330337418e+00
1.210100900890956677e+00
1.194426618808799523e+00
7.544290857146243034e-01
7.282059875296928997e-01
8.004804008911853286e-01
7.842560263518860708e-01
7.689220043770143009e-01
7.545045867819744068e-01
7.410248858668075922e-01
7.284989938873678295e-01
7.169381247123536305e-01
7.063487685343792233e-01
5.670043576285105358e-01
5.562248508068288189e-01
5.464581526764333841e-01
5.376943934786617696e-01
3.259320904730379498e-01
3.223385167634923998e-01
3.192808235887417689e-01
3.167415055865083207e-01
3.147008541927258096e-01
1.890559092433544419e-01
1.845084943082929418e-01
1.807126676491895290e-01
1.776311985310438102e-01
1.752237414002476013e-01
1.734468120563590066e-01
1.722537907494544329e-01
1.366021343363389429e-01
1.358454545236019440e-01
1.664412419203305238e-01
1.662977025450999291e-01
1.663122515537757418e-01
1.664441935728618871e-01
1.666519574945323212e-01
2.100549224054762687e-01
2.862918452629515942e-01
8.311364269160588236e-01
8.371529395995515044e-01
8.429155099119488570e-01
8.483537050752979480e-01
8.533992050510129657e-01
8.579861814987438384e-01
7.159354795992203258e-01
7.187079855680197360e-01
4.539917415275391832e-01
4.554791259942867487e-01
4.570795240378429103e-01
4.588444811024579018e-01
4.608252963556684345e-01
2.840293688342015455e-01
2.853762921423403376e-01
2.870362847522702210e-01
2.890471161444375103e-01
7.727790997343235713e-01
5.357224269551073004e-01
5.406629620981769913e-01
5.462706294990540279e-01
5.484896736544163653e-01
8.623585942919402836e-01
8.729510401092743788e-01
5.697678881858805333e-01
5.542197317391744926e-01
5.374978395584277813e-01
3.247823972801294756e-01
3.035730281180033518e-01
2.811086786844159136e-01
2.573976766764782265e-01
2.324539894584499167e-01
6.147126601642677324e-01
5.866935699729838305e-01
5.573421681276861106e-01
5.266991663333172591e-01
3.839585320124238588e-01
3.454938947554842543e-01
3.057578379398273039e-01
2.648360874540506837e-01
2.228205412396449536e-01
1.798089044518162427e-01
1.359042667262984894e-01
9.121462259392634775e-02
5.450487437078671560e-01
1.058269919032838846e+00
1.024200209275901274e+00
9.896622911023411628e-01
9.547514836345427636e-01
9.195655993562713570e-01
1.095385439498771429e+00
1.109988947426507666e+00
6.745285535450376013e-01
6.473731917038858530e-01
6.203526307570403908e-01
3.870609728565422292e-01
9.380686568560462346e-01
9.088560682424805526e-01
8.801553531555670329e-01
8.520439731048898846e-01
6.295535149099744654e-01
6.017749292139129569e-01
5.747923811639175096e-01
5.486606661014570285e-01
5.234287155880291698e-01
3.978247422422106494e-01
2.427124112697693625e-01
2.196577863735728608e-01
1.370435901972389126e-01
1.212409187727241378e-01
1.061993979440830904e-01
9.191839944429595899e-02
5.653911956431251912e-02
2.413834521714013359e-01
2.301677911437672586e-01
2.197403141611230792e-01
2.100914853148693195e-01
1.330111195379607147e-01
1.288287932349517495e-01
1.250590715183184931e-01
1.216891067857158032e-01
1.187056577450680689e-01
1.160951146114747173e-01
1.138434727537688262e-01
1.119362611716844119e-01
1.103584338498792977e-01
1.090942333219273863e-01
1.093232730237352901e-01
1.150957086687399294e-01
2.816422643333533760e-01
2.885324238011018894e-01
2.954859810492559413e-01
3.024595566476998565e-01
3.094101850589099367e-01
3.155342154050086445e-01
3.993654800743909883e-01
4.034560105239003436e-01
8.348448738167032479e-01
8.325221305473009537e-01
8.298938258197472440e-01
8.270213969032134127e-01
8.239705017527251263e-01
7.818449434496722583e-01
7.727448105024484759e-01
8.812750980874296536e-01
8.865474613994648312e-01
5.536639482977468996e-01
5.555422170953058236e-01
5.568234907383172727e-01
5.574505531055070628e-01
9.888981150381871421e-01
9.907927001979681680e-01
7.025352477031462373e-01
7.022114729290261925e-01
5.799398156041103425e-01
5.780803460830055140e-01
5.774635394226923513e-01
5.781431936185157383e-01
4.580984289324204206e-01
4.610117779249087167e-01
3.791882722185837551e-01
3.842421266660038803e-01
3.908497511360051191e-01
5.304088783558974507e-01
5.402736426173242457e-01
5.514561214422097901e-01
3.500547681988090964e-01
2.118444196440627536e-01
2.268985882645901397e-01
1.448958879538397304e-01
1.628247330341312527e-01
4.385244966525383425e-01
4.585353415546916112e-01
4.798575472882821158e-01
5.024552232177630362e-01
5.262869888938166429e-01
5.513059366010002460e-01
5.774596369537241536e-01
9.381623072064726454e-01
5.732219479918596594e-01
3.792927883540504475e-01
2.297487135139058279e-01
4.655061827418651710e-01
5.498276382048031818e-01
3.392794474980061481e-01
6.889025818049139271e-01
8.291913690764590728e-01
8.521762032443462864e-01
8.425851516387029561e-01
8.204287202838862481e-01
9.380967113446324612e-01
9.682144227129727554e-01
9.981754197151037067e-01
8.865494140472183204e-01
8.500656725681557946e-01
8.138606244794840405e-01
7.780325874039883960e-01
5.749258773793031185e-01
5.464119444873041243e-01
3.324282596338021256e-01
2.182082921034636247e-01
1.957878552570549990e-01
1.739341397203059136e-01
2.662733928153297458e-01
2.405361259742943569e-01
2.156796197810637306e-01
1.352957799783111315e-01
1.118027988811194917e-01
8.929548700697315100e-02
6.779066575890904667e-02
4.729996500531542108e-02
2.783023635563543555e-02
1.972901334085724045e-01
1.777262217283498424e-01
1.594782228541838098e-01
1.425443200830798507e-01
7.139999052258599876e-01
7.028412504551242446e-01
8.077241327349976574e-01
1.146435553105224603e+00
1.142663947088274234e+00
1.140319522768381333e+00
1.004269065829996199e+00
9.983084936458778147e-01
9.193200874600333528e-01
9.068183200794059928e-01
5.529060222082597953e-01
5.351557120913463805e-01
1.184652203322435815e+00
1.193155972937547604e+00
1.202735609063564137e+00
1.213320640502176584e+00
1.224835754574609137e+00
1.237200903799326124e+00
1.095239056335545857e+00
1.109143531796590976e+00
1.059478162470416596e+00
1.037001865006469403e+00
1.014375873622306301e+00
9.770224525083868183e-01
9.883570670185513052e-01
8.765755457747129720e-01
8.921824435301415335e-01
9.008994491842096108e-01
8.806180376657882780e-01
8.613468687341979679e-01
8.431611386853540280e-01
8.210622486912569906e-01
8.326854838834752970e-01
8.433953923626023030e-01
8.530688262680222733e-01
8.615849635479151392e-01
8.688263405198666245e-01
1.064452545982266685e+00
1.059770274987575034e+00
7.461868561467459582e-01
7.420250557986819429e-01
7.395735147423604383e-01
7.388723226398571375e-01
7.399555472602871165e-01
7.428512142653072026e-01
7.475813088916475335e-01
7.541618030586970667e-01
8.959027231713666550e-01
9.061084175961043874e-01
9.179552973703987151e-01
9.314329454426240051e-01
9.465279500818073455e-01
9.632244323116430085e-01
9.815046459342424701e-01
9.570185921246576743e-01
9.293633388900577330e-01
8.998949254767723005e-01
8.687121836624714932e-01
8.359211392957370812e-01
8.016333927082419653e-01
1.069405912016450744e+00
1.031213639562696960e+00
9.917037518086179171e-01
9.509951638030638144e-01
8.319821707705549185e-01
8.689058931050060997e-01
9.069263465172178185e-01
5.475671283567836722e-01
3.382684821881892789e-01
3.748821850609046491e-01
4.121325038935466090e-01
8.732117861427088901e-01
9.123033337824238975e-01
9.518423545406914377e-01
9.917469421691367248e-01
1.031931745268823697e+00
9.891038898297183080e-01
9.467780529058790195e-01
9.050777866860694187e-01
8.640818161664693964e-01
8.238639554186658609e-01
7.844938893560627902e-01
6.134882968686370397e-01
5.874291709621873858e-01
5.622280332434185235e-01
5.378952286202343114e-01
6.626819631801585953e-01
6.873043167554250266e-01
7.107297860639719689e-01
6.014230369411998067e-01
7.968142586018802653e-01
4.910698182526487265e-01
4.620936583463018388e-01
4.346448326120222472e-01
4.087605862826029224e-01
3.844725284058119197e-01
3.618066054704872081e-01
5.264731632124746152e-01
5.109933077976219762e-01
4.971221399092469739e-01
4.848692028114099384e-01
4.742379404879234484e-01
4.652255592491897351e-01
4.578229171105338557e-01
4.520144436201534721e-01
4.477780933312781042e-01
4.450853363880244440e-01
4.439011896178652883e-01
4.441842910162567271e-01
2.717760852502409952e-01
8.820594913167819628e-01
8.868833790755979996e-01
8.929605329926245672e-01
9.002244544082202982e-01
9.086032704025206463e-01
9.212479311539172322e-01
6.616822379998004156e-01
4.075358562117083472e-01
4.169095618713954399e-01
4.269183707064433952e-01
3.348610014081700448e-01
1.050304315856367632e+00
1.096028899490503861e+00
1.073464122668660981e+00
8.924422281530784984e-01
9.053651476511619389e-01
9.181540958151699350e-01
9.306898610174807462e-01
1.079486070168109713e+00
1.089279415601951406e+00
6.671262394672652363e-01
6.751276244772977941e-01
6.822552545329663154e-01
9.492024620638139787e-01
9.565285447843030475e-01
9.626788461320543444e-01
9.675511160025265234e-01
9.710480707062966177e-01
9.730779502036587258e-01
9.735550368428602663e-01
9.243737485788128261e-01
9.202811022560540843e-01
9.144665298927691088e-01
9.068769931647823190e-01
8.974666115913817466e-01
8.861968094712316946e-01
8.730364357176636503e-01
8.579618597838898353e-01
8.409570459301699552e-01
8.220136069043516569e-01
8.011308368106426769e-01
7.783157216713924020e-01
7.535829250891730169e-01
7.269547456274967345e-01
6.984610421600204733e-01
6.681391235652300864e-01
4.036983582593808295e-01
4.956041546384554186e-01
4.629028655862275632e-01
4.286232341245653221e-01
3.928345377552789341e-01
7.977933505375526257e-01
7.627570237159283506e-01
1.247011539585683337e+00
1.267163483931700307e+00
1.229346236427735439e+00
1.190580287582766683e+00
1.150971193464555231e+00
1.110626340777865595e+00
1.069654441692668101e+00
1.028165067384170461e+00
9.862682203465154007e-01
6.034802422194170957e-01
7.376391982710560624e-01
6.971952600276338785e-01
6.567834146403500606e-01
4.007468137723045332e-01
3.628295430462880611e-01
6.477890482681990525e-01
6.077063335637532537e-01
4.769012298847252196e-01
2.955006850327123180e-01
2.551812946854896680e-01
2.156826769746321149e-01
1.770916021812810603e-01
1.394904143465626467e-01
5.293593330187447155e-01
4.970682527959376928e-01
4.659266426259757732e-01
4.359954218071105947e-01
5.159770157619811837e-01
4.892131201719835953e-01
4.637739702060175717e-01
4.183525759513546105e-01
3.001336693263146338e-01
2.782834095718951239e-01
2.578348166334175628e-01
7.175961223563375180e-01
7.030839474419126045e-01
6.900523372552310741e-01
6.785073407699889758e-01
6.684503946264463980e-01
6.598782936527943788e-01
6.527831367774814542e-01
4.655697778920130370e-01
4.597282519343434126e-01
4.552174062088490403e-01
7.203360490979527908e-01
4.370386303750614654e-01
1.165978451812736960e+00
1.171162465786616647e+00
1.177517753588933624e+00
1.184988860463636495e+00
1.193515570919576163e+00
9.641623065629131295e-01
1.168084607861511914e+00
9.208421643978380589e-01
1.290943348893127451e+00
1.273299961570926842e+00
1.254916767753716078e+00
1.235918232707099662e+00
8.553842500376833691e-01
8.367876727677538984e-01
8.179007403489815253e-01
5.020050215645814884e-01
4.839583714835887784e-01
4.659350074993040547e-01
4.480563712937766785e-01
4.304441431126151407e-01
4.132193188257354821e-01
3.965013306067431409e-01
3.030463571385359489e-01
2.907827832991773387e-01
2.791851338755440559e-01
2.683523229225583950e-01
2.583790322633984227e-01
2.493551465260526734e-01
2.413652716714901336e-01
2.344883363073736460e-01
2.287972730634583729e-01
2.243587754915238874e-01
1.820930048493731856e-01
1.801166793650474107e-01
1.795577007578817164e-01
4.497900521421593356e-01
4.537469064319770706e-01
4.591737356417143756e-01
4.660939749360595297e-01
4.745246020779223528e-01
4.844761689372834579e-01
4.959528334032617947e-01
4.761020823575610184e-01
4.911569524486792404e-01
5.079019128847266362e-01
5.263134796881998589e-01
5.463617646239615766e-01
5.680105311312375616e-01
5.912172596498216359e-01
6.159332273891995335e-01
6.421036078742657915e-01
6.696675956315032430e-01
6.985585611757426650e-01
7.287042410509128043e-01
7.494447948372843227e-01
7.802228197183851410e-01
1.255398157516306901e+00
1.140924489172534750e+00
1.099654029213739559e+00
8.171388970255902828e-01
8.556124798377089391e-01
8.947585380456873905e-01
5.466785473285286079e-01
5.841717044503513812e-01
6.219642822229547452e-01
6.599384043053480031e-01
6.979754007945769834e-01
7.359562753752713071e-01
7.737621977645507965e-01
8.112750180728462990e-01
8.483777976628521511e-01
8.849553491989918808e-01
9.208947770198281368e-01
9.560860078987989397e-01
1.320395021759467546e+00
1.287036159355122500e+00
1.254638646438297256e+00
8.067449223617659815e-01
4.870809860618142140e-01
4.532037576777817600e-01
4.206209695461102793e-01
3.893905910558730921e-01
3.595653381934131310e-01
3.311925903504779889e-01
3.043143370205531606e-01
2.789671506735988959e-01
2.551821806107202328e-01
2.329851614915023628e-01
2.123964295849769812e-01
1.934309396703032258e-01
1.760982759165463096e-01
1.604026509764959474e-01
1.062584215682528116e-01
9.253821004003841277e-02
8.026989790602782893e-02
6.943359998560420798e-02
6.000498179787435576e-02
5.195518850720430570e-02
4.206189258092479233e-01
4.189226105297468861e-01
4.186097917878184860e-01
3.898650312983821253e-01
3.900619278224057851e-01
3.913383311561492439e-01
3.936333782232777634e-01
3.968810750296155598e-01
4.010103355949694581e-01
4.059450758994821995e-01
4.116043667823164331e-01
4.179026478989240068e-01
4.247500029985326053e-01
4.320524950029954736e-01
4.397125577180853728e-01
2.642334470911367195e-01
2.711044182201599040e-01
2.780205198664961741e-01
9.909574242507220854e-01
1.000671716907498343e+00
1.010081760012962571e+00
8.003692705068271573e-01
8.095132007212916259e-01
8.180444802308931562e-01
8.258544005116722486e-01
8.328367001879597442e-01
8.388881153442180327e-01
8.439089015449531272e-01
8.478033225801480111e-01
8.504801019170851184e-01
8.518528339820128359e-01
8.518403536703460510e-01
8.503670638257367909e-01
8.473632217550609580e-01
8.427651870688601665e-01
1.154246994014163974e+00
1.158612437725506261e+00
1.164655601592370360e+00
1.172413059774610522e+00
7.771515073193788758e-01
7.621319125281215134e-01
7.451421867627952000e-01
7.261748900850891753e-01
8.455036456556969116e-01
8.234893390921926848e-01
7.997295769052038539e-01
7.742381282473272952e-01
7.470353375126469464e-01
1.193246589634870070e+00
1.047021971945002239e+00
1.015538145336858156e+00
9.823591439118192215e-01
9.475556957888151555e-01
9.112048350678417785e-01
8.733893942571760993e-01
8.341974654610861961e-01
7.937218421844591809e-01
7.520594548603769525e-01
7.523136839813642229e-01
7.105244861323666283e-01
4.310874873239657901e-01
3.850412119833996893e-01
3.383190476114455447e-01
1.021902315688566487e+00
9.784860759918366790e-01
9.653028724183745357e-01
9.240699819929809600e-01
8.827165290340834858e-01
8.413538237914980344e-01
8.000923361818300661e-01
7.590410223934728196e-01
1.241183708892760640e+00
1.279492068440039931e+00
1.193718601254743605e+00
1.055442233157332987e+00
1.086141410941096064e+00
1.116093085745786251e+00
8.864157505268235315e-01
8.557781170545222249e-01
8.260891637030595147e-01
7.974092943114716725e-01
7.697931601682963532e-01
7.432896329144895731e-01
7.179418424087617989e-01
6.937872730346551498e-01
6.708579103025551493e-01
6.491804282350446265e-01
6.287764069861798699e-01
6.096625694875209556e-01
5.918510256736527753e-01
6.583245670945359063e-01
6.423124853787027799e-01
6.277858148560839791e-01
6.147455790295861533e-01
6.031883661496894034e-01
5.931063463226596832e-01
5.844872558335729718e-01
5.773143496499879568e-01
7.790496737147130091e-01
7.760425193669046040e-01
7.742725275230424309e-01
7.737031220319601221e-01
7.742933094184238918e-01
7.759975856416641005e-01
7.787658536428451184e-01
7.825433606534505371e-01
7.872706638548016000e-01
7.928836322552291760e-01
7.993134916269408752e-01
8.064869180725915410e-01
8.143261843334222982e-01
8.227493613723865229e-01
8.316705761327168878e-01
8.410003247471247168e-01
8.506458389105582274e-01
8.605115016767542757e-01
8.704993076323814805e-01
8.805093612697170169e-01
8.904404064387226869e-01
9.001903790251294391e-01
9.096569744821882963e-01
7.476650543005149974e-01
1.066755859367685577e+00
1.075200523041939249e+00
1.082960815256334364e+00
1.255796742072806893e+00
1.245347928651693303e+00
8.287251469355511047e-01
5.041844731081376318e-01
5.069850129264237282e-01
5.084213014379278528e-01
6.361432580335645293e-01
6.335629511684639503e-01
6.294467063825662789e-01
6.237310386828227582e-01
6.163588339485978063e-01
6.072795364017347097e-01
5.964493095562330982e-01
3.708963865114394132e-01
3.557022882064742597e-01
3.386022796674048596e-01
3.195809300593050462e-01
2.986304361635585547e-01
2.757506299295098273e-01
2.509489602080665627e-01
2.242404495387903263e-01
1.956476270358346037e-01
1.652004387829698606e-01
6.748724282388413043e-01
4.203995510071960040e-01
1.076640423540293101e+00
1.048351858659654079e+00
1.018537837931214440e+00
9.872745680056637108e-01
9.546427084065256530e-01
9.207266203906060431e-01
8.856136674964963929e-01
8.493935873693410077e-01
8.121579506910134860e-01
7.739997181084514732e-01
7.350129001808322071e-01
4.682774043093377303e-01
4.240420050643008421e-01
3.792790922262435638e-01
3.341013023986308395e-01
2.886224645482580731e-01
2.429571818371156489e-01
1.972203825958114554e-01
6.378744178582967939e-01
5.960045173762305026e-01
1.149855836501432860e+00
1.180265245615274461e+00
7.108877065243189852e-01
7.303861673320528602e-01
7.494105729236986146e-01
7.679417737715057424e-01
7.859670264633707992e-01
8.034797192260897392e-01
5.932039185844103502e-01
6.991084415576245270e-01
5.533276217696211363e-01
5.389410591282248753e-01
6.680726515911777907e-01
6.803019841604849294e-01
6.921721071570182682e-01
7.037051319639709979e-01
7.149219610479479181e-01
7.258414252662512833e-01
7.364794962677505552e-01
8.755621636976457234e-01
8.619454651705032999e-01
8.496374153233844373e-01
7.691033135880324112e-01
7.574244682125103045e-01
7.471407984016193993e-01
9.983527785007410005e-01
1.005087097789253647e+00
1.010875705686498538e+00
1.015708452866296296e+00
1.019576678192060326e+00
6.182025854226524952e-01
7.314421214971668084e-01
7.372685056602135134e-01
7.426386592064092573e-01
8.318910356882683876e-01
9.076873569024297428e-01
9.157933139854810278e-01
9.245163133326801397e-01
9.337894224212897054e-01
1.016092153475947946e+00
1.025596603951093533e+00
1.035569355875104902e+00
1.045928316132847868e+00
1.056588760147677997e+00
1.067463704521647738e+00
1.078464321447313523e+00
1.089500389677957148e+00
1.100480775557534541e+00
1.111313936508799838e+00
1.121908438492940752e+00
1.132173478318329041e+00
1.142019401317607930e+00
8.454488871879016765e-01
8.521095488801113671e-01
8.581249214244156542e-01
8.634110493127020725e-01
8.678869501645870566e-01
8.714749765941691706e-01
8.741011298219001358e-01
5.342568732725856417e-01
8.832150458096967860e-01
8.824198642696438055e-01
8.804938208279214917e-01
8.773911700383814072e-01
8.730701566311296347e-01
8.674929853693785775e-01
8.606257884853443230e-01
8.524386010938671543e-01
8.429053543342949206e-01
8.320038948320768180e-01
8.197160374444946163e-01
8.060276562284985902e-01
7.909288162332419603e-01
7.744139461838545069e-01
7.564820495060395888e-01
7.371369485681311673e-01
1.001283249986755441e+00
1.019575999593806070e+00
1.038950847387061227e+00
1.052310384495251716e+00
1.033276105543442736e+00
1.013140342898828150e+00
9.919256126328095391e-01
9.696596151104452943e-01
9.463755674161264952e-01
9.327449376414903570e-01
9.622836804485740414e-01
9.927248447882547344e-01
1.023984628491812376e+00
6.165527611674610498e-01
6.443478230225916370e-01
6.726266908736802108e-01
7.013035564425417201e-01
7.302912884224834755e-01
7.595021307610224648e-01
7.888484312885627459e-01
8.182433882604053244e-01
8.476018009445669410e-01
8.768408092670352261e-01
9.058806067768720993e-01
8.952531642582370885e-01
8.696275068499129679e-01
8.442641113615427795e-01
8.192416854681199290e-01
7.946360468002481303e-01
7.705195224952068322e-01
7.469604158474157929e-01
4.647944411826848699e-01
4.348098239187182523e-01
4.057044226203215254e-01
2.733450488102538989e-01
2.503696508755471339e-01
2.282496400649402790e-01
2.070085942494589992e-01
1.866644293895722007e-01
1.672297645751418538e-01
1.487123444429199748e-01
1.311155029595623134e-01
1.144386517518584667e-01
9.867777591678869586e-02
8.382592056366094946e-02
6.987365221920940894e-02
5.680948063320149372e-02
4.462022840572246046e-02
3.329133814860433388e-02
2.280710950771443549e-02
1.315086121309945802e-02
4.305016285107688377e-03
-9.783411394906231795e-01
