3.856519355709319141e-01
3.779638461293792218e-01
3.714663467357480209e-01
6.261249986120990263e-01
5.163738471891275994e-01
5.099126510868159379e-01
7.005896864651608436e-01
6.918064121251384924e-01
6.814203419360091996e-01
7.924861286701085916e-01
7.809812135970553015e-01
7.680070925922395375e-01
8.805614616324558552e-01
8.666369684363487425e-01
5.409770426188511561e-01
8.705504327466192516e-01
8.540642023128517391e-01
5.258814348765584734e-01
6.994915894695766800e-01
1.293852737475800208e+00
8.997627131956705826e-01
1.074492953922620675e+00
9.159654761500765074e-01
9.931744737352752317e-01
9.753739713975002612e-01
9.576072759744267415e-01
9.400001916652128697e-01
9.226771843931167449e-01
7.423311454769176976e-01
1.002730258040209765e+00
1.112404641241810488e+00
1.124867763388069486e+00
7.592621985007312890e-01
1.037993908719225367e+00
1.025453652233036195e+00
1.014199418218643567e+00
8.105536857293046404e-01
5.792450144275502755e-01
5.791793502881742439e-01
5.775812470996003478e-01
6.077982534942764081e-01
6.015890401535097798e-01
5.937133401639904662e-01
3.757444132205354781e-01
3.642848163389663663e-01
6.960830509419223544e-01
7.715384875985096258e-01
1.217490616242557167e+00
1.228662896035310981e+00
1.241738102683767275e+00
1.254965977027455937e+00
1.236544992475726801e+00
1.216099814406550683e+00
1.193649089311309863e+00
1.299656119388644004e+00
1.319989310191401977e+00
8.809097656783843044e-01
9.514238616184174102e-01
6.830850446063673198e-01
7.070352853215735589e-01
7.324749830049244181e-01
6.435126701981958020e-01
6.123457953977455848e-01
5.804166422307376338e-01
5.478529801546216937e-01
1.014021089589099978e+00
1.029596802370184028e+00
1.068774260437906909e+00
1.108959516338042572e+00
1.150060613057579229e+00
1.191982130851247268e+00
1.234625305595117295e+00
1.253550036729287553e+00
1.208625376634346438e+00
8.207350901345266125e-01
8.601394902381379604e-01
7.377166014451389531e-01
5.764241437672047441e-01
6.100687297767822814e-01
6.434240546069329714e-01
4.017969947221037286e-01
4.266639473098553514e-01
4.510518511323172164e-01
4.749052473963991106e-01
8.328691444588817161e-01
8.550710040660342015e-01
1.043978209888805075e+00
1.013322631189096601e+00
9.836438664968525369e-01
9.550067331809108939e-01
9.274704052121380826e-01
9.010883163522370731e-01
5.463944187983802436e-01
5.192624175357338778e-01
4.934859396382327290e-01
4.223652088613003008e-01
3.995739108984967536e-01
3.781658635876224417e-01
3.581536930764634974e-01
3.395449799251059608e-01
3.223424306960623320e-01
3.065440287098671335e-01
2.921431578781426008e-01
5.462592479571946047e-01
5.365882163906546820e-01
5.281644093919947158e-01
5.209641870263721497e-01
5.149595622760029245e-01
5.101181737149765860e-01
5.064032470002247655e-01
5.037735528154624332e-01
5.021833696238803268e-01
3.220257226329168998e-01
5.070184308418808072e-01
5.086647840158733391e-01
1.108972270187262410e+00
1.116855195603990047e+00
9.153618692052195582e-01
9.076416847835976354e-01
8.992556979728144606e-01
1.012841363565537556e+00
1.009647370568425684e+00
1.006010778541424955e+00
9.665181352309227814e-01
9.749026736592990572e-01
5.854730645733421390e-01
5.903508353980022605e-01
4.801321252335172263e-01
3.023693158479156540e-01
3.043692395852327648e-01
3.059724213213265154e-01
3.071073202108698941e-01
3.077044095068681151e-01
4.014903550255170539e-01
4.009635820124953787e-01
3.997883294271863397e-01
3.979174405905100964e-01
4.495687091825893988e-01
4.480014430861033459e-01
4.459662548835928164e-01
4.434549614422422237e-01
4.404596734041503758e-01
4.529566092273675793e-01
4.569340592850476002e-01
3.896428688911031668e-01
3.840359840091968624e-01
3.778845243489002970e-01
3.711748771548230019e-01
2.232303933801109974e-01
1.401692399440593040e-01
8.570427403724446835e-02
8.009162505245377706e-02
7.414194777863819530e-02
6.784303055559348650e-02
4.243552079366612328e-02
7.239572166047869572e-02
6.833564504997026445e-02
1.284999419952566335e-01
1.290624597841063259e-01
1.293691299104858528e-01
8.359572756346443645e-02
6.393878283078119340e-02
5.866289990152892542e-02
5.304281016665475523e-02
4.708965001524697408e-02
4.082134259546457006e-02
3.372105892365664243e-02
3.229709259809934035e-02
3.055694438381939201e-02
2.852102616206464089e-02
2.621606973626807932e-02
2.367458563888229922e-02
2.093417975297339265e-02
1.803674505063022904e-02
1.176015036565049472e-02
1.728199658636762337e-01
6.506550329070067695e-01
4.003997139172902897e-01
4.090421545213113186e-01
4.024278311779601602e-01
3.912353005020465790e-01
3.801059824093513395e-01
3.690947255505332980e-01
3.582547369239468815e-01
3.476369410031189822e-01
2.816074529675469118e-01
3.013939792475193724e-01
3.059771763389662058e-01
3.368966780805732752e-01
3.255423089010012760e-01
3.146824007023767966e-01
3.043409046711072485e-01
2.945372017519903851e-01
2.852862703418526658e-01
2.765989159766155669e-01
2.684820504867542756e-01
2.609390072869802735e-01
8.980622927917072396e-01
7.374403199929134844e-01
7.241000745078818301e-01
4.369225412320131285e-01
4.220036255681232085e-01
4.085193108130931172e-01
3.964593532182004165e-01
3.858090655176706352e-01
3.765493126038817473e-01
1.066222020629802980e+00
1.064249249343101944e+00
1.063541701331383704e+00
1.131632603041220486e+00
1.133998391944587514e+00
1.137441808286706824e+00
1.065295888975493321e+00
1.066180792914773523e+00
1.066273189446167446e+00
1.065594185332101596e+00
1.064171151214427180e+00
1.062037977358083030e+00
8.048388230622040007e-01
6.147584314892380331e-01
1.223096847383576602e+00
1.216416532687544017e+00
1.209295234456299717e+00
1.201819132465272499e+00
1.194078729174130160e+00
8.286641451854513951e-01
8.199623827184905345e-01
8.112759997660047295e-01
8.027002105787450770e-01
9.632275474320829423e-01
1.243767638026885392e+00
1.237034056569502161e+00
1.230834946717795253e+00
1.225268791497757803e+00
1.220431360854734582e+00
1.216415181965622372e+00
8.298931131001912043e-01
8.296470950474786887e-01
8.285439066976106881e-01
8.265472318009284836e-01
1.086649175647978360e+00
9.337045004833425255e-01
9.302708273022844976e-01
5.930156620568270975e-01
7.728538185069477873e-01
7.798433669693135561e-01
7.877991909441994789e-01
7.967510452537047705e-01
8.067239844992990516e-01
8.177381459237456074e-01
4.921528193069396595e-01
5.012746442014024417e-01
5.111252794784542086e-01
5.217067719554744354e-01
5.330159463573380663e-01
5.450441701756941759e-01
5.577771491968889217e-01
3.387076672342614891e-01
3.354213748879594781e-01
3.317285858443256297e-01
3.275990859980403291e-01
3.867402407361519856e-01
3.806633556633408078e-01
3.231755491325364327e-01
3.123426039819131028e-01
3.009380830537602414e-01
2.889789206914598063e-01
2.764888784569605740e-01
2.634984733068986285e-01
2.500447502501154662e-01
2.361709039033896007e-01
2.219257574061290761e-01
2.073631109119142002e-01
5.440219120543687836e-01
5.183010149395836930e-01
3.139962261081371553e-01
2.980180765431802437e-01
2.819581703428302166e-01
2.357940129272042828e-01
2.293001827133716308e-01
2.227066414925605864e-01
1.363074899761295422e-01
1.394598608597079070e-01
1.424807579602251073e-01
1.453871840638464030e-01
1.482006951140832363e-01
9.658348694931948031e-02
4.766708580716187971e-01
7.895719978304653885e-01
8.075797757783760300e-01
8.249915539886061300e-01
4.959796772687851685e-01
5.086244490080323866e-01
5.207641266514305700e-01
5.324018186863352931e-01
5.435406832905527175e-01
5.541834058992090029e-01
5.643317379158905300e-01
5.739861130034561443e-01
5.831453549531480096e-01
5.918064881742352012e-01
5.999646584700857321e-01
3.827929510492313336e-01
3.874647061136428650e-01
3.910633782602933040e-01
3.935950559054507969e-01
4.678190646812341869e-01
3.146649320108105274e-01
3.175173055782955500e-01
3.199656229356639958e-01
3.219973469415552403e-01
3.236016207028720171e-01
3.247699259449812748e-01
3.254967032165705376e-01
3.257799152593403025e-01
3.256215368929122334e-01
3.250279573208487149e-01
3.240102837538802460e-01
3.225845385552188471e-01
3.207717456137579859e-01
8.303071775690425982e-01
7.002614878559673128e-01
7.066180849423032706e-01
7.128536928397013472e-01
7.189158092677674361e-01
7.247540585541798475e-01
7.303205969669210873e-01
6.100514534747936146e-01
6.140321743065076943e-01
6.176591690859941641e-01
6.208983592864869561e-01
6.237188848882481151e-01
6.260931551989732391e-01
6.279968221528133832e-01
5.813899616280798766e-01
5.810847916032375604e-01
3.540574402298991563e-01
9.141416808543272321e-01
9.134264985181936858e-01
9.118093831267618521e-01
7.605479499251200926e-01
4.573577274863251940e-01
6.818143110556624809e-01
6.779876097379423650e-01
7.110870409751821608e-01
7.176712381382651662e-01
7.252067317295857185e-01
6.935418528213779243e-01
1.055823973008085837e+00
1.042073142410043785e+00
1.026884305802578279e+00
1.010248483444015299e+00
9.921604773355039431e-01
9.726191466795625074e-01
9.516277266221834230e-01
5.886323236845200091e-01
1.091446214939640447e+00
6.610718482248523209e-01
6.334593525962333160e-01
6.045148592870890347e-01
5.742795743095122640e-01
3.580597003571320269e-01
3.234015794542240418e-01
8.481479634079482910e-01
8.137821786117879208e-01
7.783588924789033303e-01
7.419588774737259085e-01
7.046686955258113505e-01
6.819882982775777869e-01
7.525917378589078721e-01
7.273902319020241203e-01
1.019734318299657438e+00
1.050046204937147287e+00
9.204491280766233796e-01
8.891746811181062693e-01
8.577062216478369416e-01
8.261363948116726696e-01
7.945583921804457717e-01
7.630651175394963515e-01
5.677307408305359848e-01
4.904839112373948207e-01
5.581926265419653310e-01
5.398409209307279966e-01
3.412007829571707118e-01
4.001310709719348435e-01
2.498176802945040742e-01
2.407337735028945158e-01
2.319582754223650789e-01
2.235234329114978435e-01
6.641741288791881415e-01
6.772813666470565153e-01
6.900250902125396602e-01
7.024201348954742796e-01
7.144819031047320301e-01
7.262255748824084645e-01
5.828767149640680101e-01
5.695337661328494505e-01
3.481866766939429314e-01
3.392002069250544816e-01
3.309257900869779223e-01
3.233580866020593358e-01
3.164892483164224446e-01
3.103091594008309806e-01
3.048056383390083113e-01
2.999645968411077668e-01
3.967694670990881134e-01
3.910116909561707210e-01
3.861603153637411245e-01
3.821892046755482331e-01
3.790693865573774857e-01
7.633433344148317090e-01
7.661621542729196710e-01
7.696968089290353587e-01
5.715461826716888849e-01
3.468206826557436728e-01
4.020600546276643095e-01
2.471328987825893442e-01
2.539891484568009283e-01
2.608515773433776053e-01
2.676811386997398068e-01
2.744393893683137464e-01
2.810887995042699594e-01
2.875930741593438755e-01
1.828167858845802796e-01
1.127944567444705420e-01
1.174397274826689541e-01
1.263554477923941877e-01
1.301645670307776115e-01
1.336857219051658385e-01
2.703089648105614362e-01
3.794717919087389757e-01
3.816305262225875294e-01
3.834117538745703824e-01
3.529601974726357394e-01
3.554517784189061835e-01
3.579482349365126215e-01
3.604959783271591278e-01
3.631415774074249203e-01
3.659312784876421754e-01
3.689105550389398802e-01
3.721236861881870306e-01
2.582165860242582323e-01
2.610610033852886480e-01
1.627666025715169273e-01
1.587529519649556464e-01
3.386134524433892512e-01
3.433269043878022786e-01
3.485554179923798790e-01
3.543211342452534662e-01
3.606429255604328143e-01
5.960128786257562483e-01
5.862119925167097456e-01
5.756204720858589807e-01
6.112225667653365946e-01
6.239978855945453873e-01
6.375952787264753674e-01
6.519997738805948240e-01
6.051196010536850078e-01
5.897351886374537777e-01
5.734961473082466066e-01
5.564074657455690964e-01
7.863837926134044087e-01
8.086736182983036425e-01
8.317223215888844834e-01
5.026340475220787418e-01
4.915416003575475146e-01
8.847936498140889228e-01
9.082232635046697533e-01
8.967292315548834880e-01
8.740365405522864117e-01
9.151568898722960421e-01
6.611635241475949387e-01
6.315558424798309867e-01
6.016139323727647259e-01
5.714260065298677471e-01
6.863969500325506345e-01
6.567219554217046396e-01
6.270373378321696389e-01
3.871477895583810835e-01
3.584087142150257366e-01
3.299545346774618859e-01
5.966442375879908999e-01
5.748674075709573339e-01
3.604591142005549864e-01
3.452824490800009416e-01
3.304417011884062116e-01
3.159826220230150806e-01
3.019462996212915473e-01
2.883689386183648784e-01
4.484128978518771014e-01
4.384990450409398943e-01
4.291634205565050264e-01
4.204314340474308298e-01
4.123239175799275902e-01
3.237597746032859769e-01
5.631924371471508373e-01
4.819330851658785164e-01
4.660955639612972545e-01
4.513237006653691985e-01
4.376189453314709432e-01
4.249790671580798707e-01
4.133983815535663409e-01
4.028679425693822425e-01
2.490346952909996969e-01
2.396201397784782361e-01
2.311744135693853397e-01
2.236773648983371721e-01
8.581594680900084260e-01
1.065040473323572545e+00
9.631560285772134966e-01
9.644002984694171055e-01
9.667745802591106719e-01
1.135536603834779168e+00
1.141408335094474147e+00
7.056172069978323691e-01
7.098945813117717440e-01
6.642027581889127230e-01
6.688605052780532967e-01
6.740679225009169606e-01
4.198043346904778983e-01
2.542485246053333148e-01
2.561923604075597716e-01
2.583098304554681812e-01
2.605346451770271243e-01
2.627992082180268807e-01
3.885207502708886707e-01
3.927648575989761692e-01
2.565994132545889594e-01
1.774856263344609664e-01
1.776459964030369931e-01
1.775048226045582433e-01
1.770121685675824508e-01
1.761197894142605413e-01
1.747813429122971884e-01
6.038863732972591380e-01
6.042979073278308411e-01
5.676850348821532721e-01
5.695731768329433953e-01
3.954681439055716119e-01
3.965528919046277245e-01
3.981287290095808507e-01
3.535202145161600029e-01
3.556541554677580819e-01
3.584715105942270497e-01
3.620049882335825697e-01
3.662844733550277843e-01
3.713369974355572034e-01
3.771866954616397982e-01
2.593242823353497095e-01
1.560619205745484850e-01
1.569797201089502825e-01
1.578046260325293437e-01
1.585176074304315286e-01
1.590960288160361280e-01
1.595142563534611424e-01
1.597443666742856816e-01
4.150303888801571972e-01
4.057571956601006558e-01
3.958620986540659636e-01
3.853382760494505899e-01
3.446030696808640159e-01
3.218665579935895416e-01
2.982897027359979192e-01
7.795956015704987863e-01
7.521904622011189590e-01
7.238941888070760111e-01
6.947713211070000172e-01
6.648922781914538005e-01
6.343330128058987105e-01
6.031745575951872329e-01
5.715024688137486653e-01
5.394061756721657552e-01
5.069782459084720694e-01
8.883736853069926775e-01
8.542969734143436300e-01
8.201080926132110482e-01
4.948380310409735139e-01
4.577809208679217701e-01
4.209717209023072781e-01
3.845084526452537954e-01
3.484854103257623570e-01
8.423090142636027178e-01
8.064821096919240206e-01
7.713491517152076815e-01
7.369920376213602298e-01
7.034874162153271770e-01
6.709064069548781317e-01
6.393143931317503137e-01
6.087708904004219823e-01
5.793294899425631694e-01
5.510378734463079464e-01
5.239378949635061788e-01
4.980657226800656034e-01
4.734520317908648690e-01
4.501222381033955777e-01
4.280967607847936951e-01
4.073913018816039400e-01
3.880171299277935248e-01
3.699813551398275502e-01
3.532871843805625578e-01
3.379341452356909303e-01
3.239182701445905144e-01
3.112322334987027150e-01
5.992695134304749649e-01
5.910208475392073613e-01
5.841494350035359995e-01
5.786342329599405421e-01
3.648938545826717061e-01
3.605644435156589167e-01
3.573019293385283901e-01
3.550728155999169355e-01
3.260808421510352773e-01
3.255454263999643105e-01
3.259028899561127735e-01
3.271049557224309234e-01
3.290990779679011102e-01
3.318283490242368572e-01
2.024756260086116588e-01
2.042657256572464053e-01
2.064692236532172653e-01
2.090268799557009616e-01
2.118761760097031266e-01
2.149515364042323406e-01
2.181846120732428285e-01
3.906200535800031237e-01
3.948482393236150689e-01
3.989697736643585402e-01
4.029202362219835298e-01
4.066352395480900550e-01
4.100508480829299640e-01
2.512914120814948582e-01
2.523935531644602159e-01
2.530802716826036636e-01
2.533007297176205763e-01
2.530059604891913838e-01
2.521491005460475554e-01
6.765252656868561143e-01
6.781065736716985759e-01
6.789337323271081859e-01
6.789783480394524506e-01
4.190623914949175299e-01
4.177204727182256550e-01
4.157583332536975429e-01
2.535131002030469594e-01
2.474122340331030290e-01
2.943366296786109060e-01
2.878204651674050041e-01
6.336033960508042906e-01
6.261760895288742690e-01
9.018358257012613066e-01
8.904910326791196651e-01
1.135641715078046898e+00
1.152156003962645281e+00
1.170157238052061066e+00
1.189629260966827085e+00
1.210548638843610858e+00
7.771438787422811911e-01
7.568097623583368572e-01
7.353112882918650950e-01
7.126813287186652968e-01
6.889585432559320877e-01
6.641875497209793755e-01
6.384190264662256142e-01
6.117097348775614174e-01
5.841224525505060994e-01
5.557258099096015203e-01
5.265940255285170846e-01
4.968065380576101031e-01
4.664475353917801881e-01
6.062803406317284205e-01
5.821173419814548167e-01
5.576059139836149203e-01
5.328244020257113522e-01
5.078532553245903580e-01
4.827742257467588782e-01
4.576695229162838774e-01
4.326209435246480273e-01
4.077089936226628852e-01
3.830120230587615859e-01
3.586053911189019394e-01
3.345606818178743502e-01
3.109449861969671991e-01
2.878202674163876651e-01
2.652428224222153075e-01
6.270279821484856519e-01
6.080146471394068941e-01
5.896605645176071775e-01
5.720118521375627818e-01
5.551092731443975081e-01
5.389881603236075236e-01
5.236784259419656751e-01
7.447706909094544692e-01
7.295703395660085855e-01
7.153933408819895812e-01
4.507622546188517765e-01
4.321829268693452297e-01
4.147167457355475650e-01
3.983679987289055480e-01
2.629457145949807284e-01
2.457434985815919182e-01
2.298609983172048010e-01
2.152932266036265974e-01
8.348435093280243136e-01
8.272892367456575746e-01
7.622493371130167894e-01
7.585076553904291918e-01
7.558953113707097549e-01
7.004094823388929969e-01
7.064260006582560036e-01
7.120012774451479620e-01
7.171067956839491941e-01
4.381253152163858133e-01
4.425312627505728624e-01
4.465770033634545166e-01
4.502347618040887789e-01
4.534810707857243051e-01
4.562975248849490129e-01
4.586714193330411748e-01
4.605962601579361437e-01
4.620721361705672492e-01
4.631059474946941368e-01
4.637114895619612875e-01
9.492915590515561552e-01
9.476214416057648915e-01
8.251563101243664100e-01
1.089847425346451182e+00
1.080323198128823048e+00
1.070758794113693124e+00
1.061259740495440251e+00
1.160136769326327366e+00
1.171558730211175847e+00
7.239356179342307795e-01
7.045469808311493054e-01
6.861931274292522032e-01
6.689784086961992893e-01
8.434929940177213759e-01
8.296857395467737151e-01
5.000123587589709873e-01
3.137414522946261886e-01
3.015715066277070977e-01
2.909312100344149110e-01
3.741206333216748336e-01
3.670799447736236010e-01
3.617531742554866980e-01
3.581708725122957349e-01
3.563580064521654767e-01
3.563336292511640746e-01
1.052069272170386816e+00
1.144325965504507270e+00
1.157224893209815253e+00
1.171989032245731588e+00
8.728374463751472634e-01
8.504853190655397022e-01
8.261487463608585546e-01
5.370303485236471719e-01
5.070733220530506680e-01
4.753381478831333884e-01
4.418644742563947458e-01
2.771888073176681511e-01
2.410339217932552514e-01
2.033983925765661116e-01
1.295281319051234115e-01
8.732052269822372648e-02
4.375258490365750708e-02
-1.310136258842573787e+00
